,0,1,2,3
ALA-AL402-3991433,0.0012,0.0008,0.9949,0.0031
ALA-AL403-3991434,0.005,0.0065,0.9812,0.0073
ALA-AL405-3991436,0.0011,0.001,0.993,0.0049
ALA-AL406-3991437,0.0079,0.0012,0.9733,0.0176
ALA-AL407-3991438,0.0011,0.001,0.983,0.0149
ALA-AL408-3991439,0.0357,0.003,0.9582,0.0031
ALA-AL409-3991440,0.0034,0.0628,0.926,0.0078
ALA-AL410-3991441,0.0012,0.001,0.9955,0.0023
ALA-AL411-3991442,0.0025,0.0031,0.9891,0.0053
ALA-AL412-3991443,0.0014,0.001,0.9912,0.0064
ALA-AL413-3991444,0.001,0.001,0.9927,0.0053
ALA-AL414-3991445,0.0031,0.001,0.9884,0.0075
ALA-AL415-3991446,0.0014,0.0007,0.9946,0.0033
ALA-AL416-3991447,0.0113,0.0016,0.9817,0.0054
ALA-AL417-3991448,0.0023,0.0098,0.9839,0.004
ALA-AL418-3991449,0.0019,0.001,0.9854,0.0117
ALA-AL419-3991450,0.0038,0.0024,0.9809,0.0129
ALA-AL420-3991451,0.0072,0.004,0.9824,0.0064
ALA-AL422-3991452,0.001,0.0007,0.9962,0.0021
ALA-AL423-3991453,0.0012,0.0013,0.9895,0.008
ALA-AL424-4013486,0.0029,0.0012,0.9787,0.0172
ALA-AL425-3991454,0.0013,0.0049,0.9781,0.0157
ALA-AL426-3991455,0.0109,0.0022,0.9845,0.0024
ALA-AL427-3991456,0.0099,0.001,0.9878,0.0013
ALA-AL429-3991457,0.0016,0.001,0.9939,0.0035
ALA-AL430-3991458,0.0012,0.001,0.9953,0.0025
ALA-AL431-3991459,0.0045,0.0031,0.9824,0.01
ALA-AL432-3991460,0.0012,0.001,0.9959,0.0019
ALA-AL433-3991461,0.0018,0.0007,0.9935,0.004
ALA-AL434-3991462,0.0015,0.0021,0.9945,0.0019
ALA-AL435-3991463,0.0067,0.0012,0.989,0.0031
ALA-AL436-3991464,0.0011,0.001,0.9962,0.0017
ALA-AL437-3991465,0.0033,0.0109,0.9828,0.003
ALA-AL439-3991466,0.001,0.0014,0.9941,0.0035
ALA-AL440-3991467,0.022,0.0064,0.967,0.0046
ALA-AL441-3991468,0.001,0.001,0.9954,0.0026
ALA-AL442-3991469,0.002,0.001,0.9927,0.0043
ALA-Al003-3991431,0.0185,0.0026,0.9747,0.0042
ALA-Al272-3991284,0.0026,0.002,0.9933,0.0021
ALA-Al274-3991285,0.0013,0.001,0.9959,0.0018
ALA-Al275-3991286,0.0012,0.0006,0.994,0.0042
ALA-Al277-3991287,0.0012,0.0035,0.9821,0.0132
ALA-Al278-3991288,0.001,0.001,0.9954,0.0026
ALA-Al279-3991289,0.001,0.001,0.9916,0.0064
ALA-Al280-3991290,0.0022,0.001,0.9877,0.0091
ALA-Al281-3991291,0.0033,0.0042,0.9767,0.0158
ALA-Al282-3991292,0.002,0.001,0.9941,0.0029
ALA-Al283-3991293,0.0021,0.001,0.9919,0.005
ALA-Al285-3991294,0.0037,0.0026,0.9894,0.0043
ALA-Al286-3991295,0.0039,0.0063,0.9772,0.0126
ALA-Al287-3991296,0.0015,0.0011,0.9947,0.0027
ALA-Al288-3991297,0.0022,0.0011,0.9932,0.0035
ALA-Al290-3991298,0.0016,0.001,0.991,0.0064
ALA-Al291-3991299,0.0231,0.0044,0.9675,0.005
ALA-Al292-3991300,0.0011,0.001,0.9905,0.0074
ALA-Al293-3991301,0.001,0.0019,0.9959,0.0012
ALA-Al295-3991302,0.0102,0.0038,0.9837,0.0023
ALA-Al296-3991303,0.001,0.001,0.9841,0.0139
ALA-Al297-3991304,0.0076,0.036,0.9534,0.003
ALA-Al299-3991305,0.0055,0.0015,0.9341,0.0589
ALA-Al300-3991306,0.0013,0.0027,0.9942,0.0018
ALA-Al301-3991307,0.0012,0.0023,0.9459,0.0506
ALA-Al302-3991308,0.001,0.001,0.9961,0.0019
ALA-Al303-3991309,0.002,0.001,0.9864,0.0106
ALA-Al304-3991310,0.0041,0.0014,0.9921,0.0024
ALA-Al305-3991311,0.0011,0.0008,0.9959,0.0022
ALA-Al306-3991312,0.0015,0.0012,0.8865,0.1108
ALA-Al307-3991313,0.0022,0.0036,0.9905,0.0037
ALA-Al308-3991314,0.001,0.001,0.9962,0.0018
ALA-Al318-3991315,0.0214,0.0015,0.9735,0.0036
ALA-Al319-3991316,0.001,0.001,0.9957,0.0023
ALA-Al320-3991317,0.0123,0.001,0.9291,0.0576
ALA-Al321-3991414,0.0013,0.001,0.9963,0.0014
ALA-Al324-3991415,0.0012,0.0027,0.991,0.0051
ALA-Al325-3991416,0.0753,0.0016,0.9167,0.0064
ALA-Al326-3991417,0.0072,0.0007,0.9901,0.002
ALA-Al327-3991418,0.0033,0.0008,0.993,0.0029
ALA-Al329-3991419,0.0025,0.001,0.9949,0.0016
ALA-Al331-3991420,0.0019,0.0009,0.9955,0.0017
ALA-Al333-3991421,0.0031,0.0014,0.9937,0.0018
ALA-Al336-3991422,0.0012,0.0006,0.9967,0.0015
ALA-Al338-3991423,0.0013,0.0011,0.995,0.0026
ALA-Al342-3991424,0.0016,0.0011,0.993,0.0043
ALA-Al344-3991425,0.0038,0.0011,0.9935,0.0016
ALA-Al346-3991426,0.001,0.001,0.9966,0.0014
ALA-Al4-2562181,0.004,0.0019,0.9829,0.0112
ALA-KLS1140-2892558,0.01,0.0053,0.048,0.9367
ALA-KLS1161-2892441,0.0046,0.001,0.0147,0.9797
ALA-KLS1162-2892512,0.003,0.001,0.003,0.993
ALA-KLS1163-2892427,0.0021,0.001,0.0239,0.973
ALA-KLS1165-2892485,0.0056,0.0011,0.0045,0.9888
ALA-KLS1166-2892541,0.0018,0.0014,0.0643,0.9325
ALA-KLS1167-2892484,0.0014,0.001,0.004,0.9936
ALA-KLS1168-2892413,0.0023,0.001,0.0906,0.9061
ALA-KLS1169-2892448,0.0047,0.0115,0.0285,0.9553
ALA-KLS1170-2892511,0.0078,0.0033,0.0179,0.971
ALA-KLS1366-3593364,0.0029,0.001,0.0063,0.9898
ALA-KLS1373-3593328,0.0097,0.0215,0.0173,0.9515
ALA-KLS1387-3593387,0.0032,0.0023,0.0162,0.9783
ALA-KLS1413-3593365,0.0071,0.0007,0.0081,0.9841
ALA-KLS1415-3593359,0.007,0.0056,0.0101,0.9773
ALA-KLS1661-4013402,0.0013,0.0027,0.0083,0.9877
ALA-KLS1663-4013404,0.0034,0.0011,0.0041,0.9914
ALA-KLS1664-4013405,0.0055,0.0014,0.0033,0.9898
ALA-KLS1682-4013423,0.0054,0.0011,0.0026,0.9909
ALA-KLS1690-4013430,0.0035,0.0017,0.0012,0.9936
ALA-VU15-2892510,0.0015,0.0022,0.0019,0.9944
ALA-VU20-2892394,0.0338,0.0019,0.0224,0.9419
ALA-VU21-2892380,0.0012,0.0025,0.0034,0.9929
ALA-VU33-2892383,0.0022,0.002,0.0026,0.9932
ALA-VU37-2892482,0.0083,0.0017,0.0052,0.9848
ALA-VU47-2892477,0.0037,0.0033,0.0023,0.9907
ALA-VU50-2892527,0.0026,0.0014,0.0355,0.9605
ALA-KLS0793-2892513,0.0059,0.001,0.0017,0.9914
ALA-KLS0796-2892514,0.0015,0.0137,0.0154,0.9694
ALA-KLS0797-2892471,0.0014,0.001,0.0026,0.995
ALA-KLS0857-2892463,0.0035,0.0027,0.001,0.9928
ALA-KLS0871-2892523,0.0037,0.0012,0.0036,0.9915
ALA-KLS0872-2892526,0.0011,0.0009,0.002,0.996
ALA-KLS1444-3593398,0.0036,0.0029,0.0023,0.9912
ALA-KLS1448-3593341,0.002,0.015,0.0027,0.9803
ALA-KLS1452-3593342,0.0066,0.0013,0.0063,0.9858
ALA-KLS1467-3593390,0.0026,0.0013,0.0044,0.9917
ALA-KLS1474-3593384,0.0053,0.001,0.0118,0.9819
ALA-KLS1479-3593389,0.0077,0.0017,0.0094,0.9812
ALA-KLS1492-3593391,0.0081,0.001,0.0021,0.9888
APO-KLS1002-2562146,0.0011,0.001,0.0039,0.994
ALA-MAGNT-R36654-2583996,0.8053,0.1868,0.0026,0.0053
ALA-R29880-2892521,0.7454,0.2467,0.0038,0.0041
ALA-R36967-2892426,0.9468,0.0504,0.001,0.0018
ALA-R36974-2892437,0.8469,0.1474,0.0044,0.0013
ALA-R37003-2892459,0.6894,0.3037,0.0042,0.0027
ALA-R37010-2892460,0.6793,0.3187,0.001,0.001
ALA-R37025-2892461,0.7512,0.2447,0.0016,0.0024
ALA-R37027-2892458,0.6944,0.2984,0.0022,0.005
ALA-R37032-2892401,0.739,0.259,0.001,0.001
ALA-R37034-2892486,0.714,0.2809,0.0033,0.0018
ALA-R37101-2892544,0.7661,0.2312,0.0011,0.0016
ALA-R37113-2892490,0.6669,0.3134,0.0028,0.0169
ALA-R37116-2892470,0.6529,0.3419,0.0037,0.0015
ALA-R37122-2892464,0.7223,0.2751,0.001,0.0016
ALA-R37128-2892424,0.6682,0.3268,0.0033,0.0017
ALA-R37140-2892462,0.8689,0.1248,0.0037,0.0026
ALA-VU121-2562122,0.0398,0.0014,0.5655,0.3933
ALA-VU130-2562201,0.0441,0.0061,0.3965,0.5533
ALA-VU132-2562114,0.0261,0.0015,0.2784,0.694
ALA-NC_2019_217-2117818,0.0008,0.9992,0.0,0.0
ALA-NC_2019_247-2117816,0.0004,0.9996,0.0,0.0
ALA-NC_Jan2019_208-2562133,0.0007,0.9989,0.0002,0.0002
ALA-NC_Jan2019_213-2892489,0.0696,0.9273,0.002,0.0011
ALA-NC_Jan2019_217-2892446,0.0008,0.999,0.0001,0.0001
ALA-NC_Jan2019_227-2892537,0.1503,0.8466,0.0011,0.002
ALA-NC_Jan2019_247-2892476,0.0001,0.9999,0.0,0.0
ALA-NC_Jan2019_253-3446972,0.0086,0.989,0.0011,0.0013
ALA-NC_Jan2019_269-3446978,0.1742,0.8237,0.001,0.0011
ALA-NC_Jan2019_271-2892518,0.0903,0.9071,0.0014,0.0012
ALA-NC_Jan2019_275-3446981,0.0007,0.9993,0.0,0.0
ALA-NC_Jan2019_282-2562143,0.0877,0.9079,0.0009,0.0035
ALA-Al376-3991427,0.6967,0.2968,0.0022,0.0043
ALA-Al377-3991428,0.6333,0.3641,0.0014,0.0012
ALA-Al378-3991429,0.6542,0.3427,0.0014,0.0017
ALA-Al379-3991430,0.6588,0.2913,0.0409,0.009
ALA-KLS0564-R174540-2892378,0.0245,0.003,0.0022,0.9703
ALA-KLS1526-3593366,0.0045,0.0013,0.0115,0.9827
ALA-KLS1548-3593373,0.0045,0.0011,0.0044,0.99
ALA-KLS1549-3593354,0.0253,0.0011,0.005,0.9686
ALA-KLS1555-3593323,0.0033,0.0017,0.0049,0.9901
ALA-SS170808-01-2562218,0.0015,0.001,0.0017,0.9958
ALA-SS170808-06-2892529,0.0043,0.0009,0.0049,0.9899
ALA-SS170809-01-2892375,0.0029,0.001,0.004,0.9921
ALA-SS170809-03-2892475,0.0026,0.001,0.0028,0.9936
ALA-SS170810-01-2892386,0.0025,0.0016,0.0017,0.9942
ALA-SS170813-01-2892422,0.0046,0.0019,0.011,0.9825
ALA-SS170815-01-2892435,0.0022,0.001,0.003,0.9938
ALA-SS170815-03-2892473,0.0027,0.001,0.0059,0.9904
ALA-SS170815-04-2892440,0.0029,0.0016,0.0212,0.9743
ALA-SS170816-01-2892493,0.0016,0.0011,0.0011,0.9962
ALA-SS170820-05-2892447,0.0054,0.001,0.0034,0.9902
ALA-SS170822-01-2892494,0.0022,0.0023,0.0037,0.9918
ALA-SS170822-02-2892495,0.0049,0.0018,0.0024,0.9909
ALA-SS170822-03-2892528,0.0022,0.0008,0.0109,0.9861
ALA-SS171011-02-2892425,0.0018,0.001,0.0036,0.9936
ALA-SS171011-03-2892496,0.0118,0.0011,0.0059,0.9812
ALA-SS171018-02-2892517,0.0044,0.001,0.001,0.9936
ALA-SS171025-01-2892506,0.0011,0.0136,0.0053,0.98
ALA-SS171104-01-2892432,0.0021,0.001,0.0081,0.9888
ALA-SS171105-01-2892472,0.0044,0.001,0.0037,0.9909
ALA-SS171106-02-2892479,0.0017,0.0009,0.0043,0.9931
ALA-SS171106-03-2892404,0.0014,0.001,0.0037,0.9939
ALA-VU51-2892500,0.0018,0.0013,0.0047,0.9922
ALA-VU53-2892376,0.0012,0.0008,0.0015,0.9965
ALA-VU62-2892417,0.0289,0.0015,0.0242,0.9454
ALA-KLS0327-2892561,0.0109,0.0128,0.9384,0.0379
APO-BD304-2892487,0.003,0.001,0.0032,0.9928
APO-BD320-2892516,0.0012,0.0012,0.0041,0.9935
APO-BD325-2892538,0.0011,0.0012,0.0026,0.9951
APO-BD326-2892550,0.0014,0.0012,0.0056,0.9918
APO-BD330-2892535,0.0012,0.0025,0.0026,0.9937
APO-BD331-2892519,0.0013,0.0015,0.0013,0.9959
APO-BD337-2892483,0.001,0.0008,0.0023,0.9959
APO-BD338-2892540,0.001,0.0009,0.0022,0.9959
APO-BD339-2892520,0.001,0.001,0.0032,0.9948
APO-BD342-2892423,0.0019,0.0013,0.0023,0.9945
