,0,1,2,3,4
ALA-AL402-3991433,0.0026,0.0117,0.0005,0.0011,0.9841
ALA-AL403-3991434,0.0045,0.004,0.0049,0.0043,0.9823
ALA-AL405-3991436,0.005,0.001,0.0012,0.001,0.9918
ALA-AL406-3991437,0.0195,0.0021,0.0012,0.0148,0.9624
ALA-AL407-3991438,0.0137,0.0012,0.001,0.001,0.9831
ALA-AL408-3991439,0.0026,0.001,0.0024,0.0299,0.9641
ALA-AL409-3991440,0.007,0.0068,0.048,0.0028,0.9354
ALA-AL410-3991441,0.002,0.0013,0.001,0.001,0.9947
ALA-AL411-3991442,0.0039,0.0014,0.0031,0.0022,0.9894
ALA-AL412-3991443,0.0058,0.0007,0.001,0.001,0.9915
ALA-AL413-3991444,0.0039,0.0027,0.001,0.001,0.9914
ALA-AL414-3991445,0.0048,0.0022,0.0008,0.0025,0.9897
ALA-AL415-3991446,0.0028,0.0009,0.0007,0.0013,0.9943
ALA-AL416-3991447,0.0032,0.0011,0.0012,0.0119,0.9826
ALA-AL417-3991448,0.0038,0.018,0.0078,0.0027,0.9677
ALA-AL418-3991449,0.0093,0.0013,0.001,0.0017,0.9867
ALA-AL419-3991450,0.008,0.0019,0.0024,0.0034,0.9843
ALA-AL420-3991451,0.0068,0.0013,0.0018,0.0136,0.9765
ALA-AL422-3991452,0.0023,0.0027,0.0005,0.001,0.9935
ALA-AL423-3991453,0.0077,0.0012,0.0017,0.0013,0.9881
ALA-AL424-4013486,0.0149,0.001,0.001,0.0029,0.9802
ALA-AL425-3991454,0.0128,0.0062,0.0048,0.001,0.9752
ALA-AL426-3991455,0.0018,0.0022,0.0023,0.0142,0.9795
ALA-AL427-3991456,0.0012,0.0038,0.001,0.0087,0.9853
ALA-AL429-3991457,0.004,0.0012,0.001,0.0013,0.9925
ALA-AL430-3991458,0.0023,0.001,0.001,0.001,0.9947
ALA-AL431-3991459,0.0092,0.0049,0.0025,0.0042,0.9792
ALA-AL432-3991460,0.0018,0.001,0.0009,0.001,0.9953
ALA-AL433-3991461,0.0043,0.0017,0.0004,0.0019,0.9917
ALA-AL434-3991462,0.0014,0.0003,0.0019,0.0013,0.9951
ALA-AL435-3991463,0.0029,0.001,0.0011,0.0064,0.9886
ALA-AL436-3991464,0.0017,0.0044,0.0009,0.001,0.992
ALA-AL437-3991465,0.0031,0.001,0.0111,0.0027,0.9821
ALA-AL439-3991466,0.0028,0.001,0.001,0.001,0.9942
ALA-AL440-3991467,0.0037,0.001,0.0046,0.0119,0.9788
ALA-AL441-3991468,0.0017,0.0029,0.001,0.001,0.9934
ALA-AL442-3991469,0.0041,0.002,0.0009,0.0017,0.9913
ALA-Al003-3991431,0.0039,0.0009,0.0022,0.0124,0.9806
ALA-Al272-3991284,0.0019,0.0023,0.0016,0.0023,0.9919
ALA-Al274-3991285,0.002,0.0028,0.0009,0.0012,0.9931
ALA-Al275-3991286,0.0035,0.0016,0.0007,0.0013,0.9929
ALA-Al277-3991287,0.0095,0.0039,0.0028,0.001,0.9828
ALA-Al278-3991288,0.0029,0.0007,0.0011,0.001,0.9943
ALA-Al279-3991289,0.0067,0.0023,0.001,0.001,0.989
ALA-Al280-3991290,0.0064,0.0011,0.001,0.0016,0.9899
ALA-Al281-3991291,0.014,0.0016,0.0062,0.0037,0.9745
ALA-Al282-3991292,0.0024,0.0021,0.0009,0.0018,0.9928
ALA-Al283-3991293,0.005,0.0011,0.001,0.0018,0.9911
ALA-Al285-3991294,0.0036,0.0023,0.0024,0.0034,0.9883
ALA-Al286-3991295,0.0128,0.0011,0.0055,0.0033,0.9773
ALA-Al287-3991296,0.0034,0.0011,0.0011,0.0015,0.9929
ALA-Al288-3991297,0.0031,0.0015,0.001,0.0018,0.9926
ALA-Al290-3991298,0.0068,0.001,0.0009,0.0014,0.9899
ALA-Al291-3991299,0.0059,0.0025,0.0056,0.0166,0.9694
ALA-Al292-3991300,0.0069,0.0022,0.001,0.001,0.9889
ALA-Al293-3991301,0.0013,0.0009,0.0021,0.001,0.9947
ALA-Al295-3991302,0.0021,0.0108,0.003,0.006,0.9781
ALA-Al296-3991303,0.0098,0.0046,0.001,0.001,0.9836
ALA-Al297-3991304,0.0029,0.0013,0.0354,0.0061,0.9543
ALA-Al299-3991305,0.0487,0.0013,0.0015,0.004,0.9445
ALA-Al300-3991306,0.0017,0.0073,0.0023,0.0011,0.9876
ALA-Al301-3991307,0.0417,0.002,0.0021,0.001,0.9532
ALA-Al302-3991308,0.0015,0.0018,0.0008,0.001,0.9949
ALA-Al303-3991309,0.0158,0.0127,0.001,0.0019,0.9686
ALA-Al304-3991310,0.0024,0.001,0.0012,0.0043,0.9911
ALA-Al305-3991311,0.002,0.0011,0.0006,0.001,0.9953
ALA-Al306-3991312,0.0921,0.001,0.0015,0.0017,0.9037
ALA-Al307-3991313,0.0034,0.003,0.005,0.0018,0.9868
ALA-Al308-3991314,0.0016,0.0024,0.0009,0.001,0.9941
ALA-Al318-3991315,0.0029,0.001,0.0019,0.0234,0.9708
ALA-Al319-3991316,0.0021,0.0012,0.0009,0.001,0.9948
ALA-Al320-3991317,0.0614,0.0041,0.001,0.0091,0.9244
ALA-Al321-3991414,0.0018,0.001,0.001,0.0013,0.9949
ALA-Al324-3991415,0.0042,0.0008,0.0028,0.001,0.9912
ALA-Al325-3991416,0.0069,0.001,0.0011,0.0727,0.9183
ALA-Al326-3991417,0.002,0.0012,0.0003,0.0062,0.9903
ALA-Al327-3991418,0.0029,0.0017,0.0007,0.003,0.9917
ALA-Al329-3991419,0.0023,0.0024,0.001,0.0022,0.9921
ALA-Al331-3991420,0.0014,0.0007,0.0007,0.0016,0.9956
ALA-Al333-3991421,0.0018,0.001,0.0013,0.003,0.9929
ALA-Al336-3991422,0.0014,0.0074,0.0005,0.001,0.9897
ALA-Al338-3991423,0.0024,0.0013,0.0014,0.0011,0.9938
ALA-Al342-3991424,0.0038,0.0005,0.001,0.001,0.9937
ALA-Al344-3991425,0.0011,0.0383,0.0011,0.0029,0.9566
ALA-Al346-3991426,0.0013,0.001,0.001,0.001,0.9957
ALA-Al4-2562181,0.007,0.001,0.0017,0.0028,0.9875
ALA-KLS1140-2892558,0.9412,0.001,0.0045,0.0075,0.0458
ALA-KLS1161-2892441,0.9756,0.0009,0.001,0.0051,0.0174
ALA-KLS1162-2892512,0.9921,0.0021,0.0009,0.0023,0.0026
ALA-KLS1163-2892427,0.978,0.0027,0.001,0.0018,0.0165
ALA-KLS1165-2892485,0.9873,0.0025,0.001,0.0052,0.004
ALA-KLS1166-2892541,0.9357,0.0011,0.0013,0.0015,0.0604
ALA-KLS1167-2892484,0.9916,0.0022,0.001,0.0018,0.0034
ALA-KLS1168-2892413,0.9421,0.001,0.001,0.0023,0.0536
ALA-KLS1169-2892448,0.9535,0.001,0.0099,0.0041,0.0315
ALA-KLS1170-2892511,0.9765,0.0011,0.0025,0.0052,0.0147
ALA-KLS1366-3593364,0.9874,0.0037,0.001,0.0025,0.0054
ALA-KLS1373-3593328,0.962,0.0008,0.0167,0.0089,0.0116
ALA-KLS1387-3593387,0.9815,0.0033,0.002,0.0027,0.0105
ALA-KLS1413-3593365,0.979,0.0054,0.0006,0.0054,0.0096
ALA-KLS1415-3593359,0.9765,0.001,0.0048,0.0075,0.0102
ALA-KLS1661-4013402,0.9878,0.001,0.0023,0.001,0.0079
ALA-KLS1663-4013404,0.9906,0.0015,0.0011,0.0025,0.0043
ALA-KLS1664-4013405,0.9902,0.0011,0.0013,0.0042,0.0032
ALA-KLS1682-4013423,0.9883,0.0036,0.0012,0.0048,0.0021
ALA-KLS1690-4013430,0.9932,0.001,0.0012,0.0034,0.0012
ALA-VU15-2892510,0.9898,0.0044,0.0029,0.0014,0.0015
ALA-VU20-2892394,0.9473,0.0056,0.0019,0.0305,0.0147
ALA-VU21-2892380,0.989,0.0038,0.0026,0.0013,0.0033
ALA-VU33-2892383,0.9911,0.0025,0.0017,0.0023,0.0024
ALA-VU37-2892482,0.9844,0.0052,0.0016,0.0057,0.0031
ALA-VU47-2892477,0.9902,0.0011,0.0031,0.0032,0.0024
ALA-VU50-2892527,0.9808,0.001,0.0012,0.0023,0.0147
ALA-KLS0793-2892513,0.9908,0.001,0.0011,0.0058,0.0013
ALA-KLS0796-2892514,0.9694,0.0015,0.0111,0.0014,0.0166
ALA-KLS0797-2892471,0.9943,0.0005,0.001,0.0013,0.0029
ALA-KLS0857-2892463,0.9923,0.001,0.0027,0.003,0.001
ALA-KLS0871-2892523,0.9886,0.0023,0.0011,0.0036,0.0044
ALA-KLS0872-2892526,0.9958,0.0011,0.0006,0.001,0.0015
ALA-KLS1444-3593398,0.9893,0.0032,0.0018,0.0036,0.0021
ALA-KLS1448-3593341,0.9798,0.001,0.0145,0.0022,0.0025
ALA-KLS1452-3593342,0.9854,0.0013,0.0012,0.0071,0.005
ALA-KLS1467-3593390,0.9919,0.0014,0.0012,0.0026,0.0029
ALA-KLS1474-3593384,0.9769,0.0012,0.001,0.0067,0.0142
ALA-KLS1479-3593389,0.9839,0.0014,0.0017,0.006,0.007
ALA-KLS1492-3593391,0.9891,0.0011,0.001,0.0069,0.0019
APO-KLS1002-2562146,0.9928,0.002,0.001,0.001,0.0032
ALA-MAGNT-R36654-2583996,0.0061,0.0022,0.1701,0.8191,0.0025
ALA-R29880-2892521,0.004,0.001,0.2208,0.7704,0.0038
ALA-R36967-2892426,0.0016,0.0011,0.0511,0.9452,0.001
ALA-R36974-2892437,0.001,0.0177,0.1138,0.8643,0.0032
ALA-R37003-2892459,0.0025,0.0009,0.2965,0.6965,0.0036
ALA-R37010-2892460,0.001,0.0013,0.3104,0.6865,0.0008
ALA-R37025-2892461,0.0029,0.001,0.238,0.7565,0.0016
ALA-R37027-2892458,0.0061,0.0016,0.2823,0.7081,0.0019
ALA-R37032-2892401,0.001,0.0002,0.2515,0.7463,0.001
ALA-R37034-2892486,0.0013,0.001,0.2551,0.7401,0.0025
ALA-R37101-2892544,0.0012,0.003,0.2088,0.7859,0.0011
ALA-R37113-2892490,0.0291,0.0038,0.3099,0.6541,0.0031
ALA-R37116-2892470,0.0012,0.001,0.3376,0.6575,0.0027
ALA-R37122-2892464,0.0013,0.001,0.2394,0.7573,0.001
ALA-R37128-2892424,0.0014,0.0011,0.3206,0.674,0.0029
ALA-R37140-2892462,0.0029,0.003,0.1151,0.8745,0.0045
ALA-VU121-2562122,0.4343,0.0013,0.0015,0.0197,0.5432
ALA-VU130-2562201,0.0056,0.9866,0.0012,0.005,0.0016
ALA-VU132-2562114,0.6866,0.0011,0.0013,0.0171,0.2939
ALA-NC_2019_217-2117818,0.0,0.0,0.9996,0.0004,0.0
ALA-NC_2019_247-2117816,0.0,0.0,0.9997,0.0003,0.0
ALA-NC_Jan2019_208-2562133,0.0001,0.0,0.9998,0.0001,0.0
ALA-NC_Jan2019_213-2892489,0.0011,0.0005,0.8992,0.098,0.0012
ALA-NC_Jan2019_217-2892446,0.0,0.0,0.9996,0.0004,0.0
ALA-NC_Jan2019_227-2892537,0.0015,0.0004,0.8068,0.1902,0.0011
ALA-NC_Jan2019_247-2892476,0.0,0.0,0.9997,0.0003,0.0
ALA-NC_Jan2019_253-3446972,0.0012,0.0012,0.9817,0.0149,0.001
ALA-NC_Jan2019_269-3446978,0.001,0.0013,0.7996,0.1971,0.001
ALA-NC_Jan2019_271-2892518,0.0012,0.0008,0.8819,0.115,0.0011
ALA-NC_Jan2019_275-3446981,0.0,0.0,0.9992,0.0008,0.0
ALA-NC_Jan2019_282-2562143,0.0024,0.0008,0.8715,0.1247,0.0006
ALA-Al376-3991427,0.0032,0.001,0.2841,0.7098,0.0019
ALA-Al377-3991428,0.0011,0.0009,0.342,0.6545,0.0015
ALA-Al378-3991429,0.0014,0.001,0.3146,0.6816,0.0014
ALA-Al379-3991430,0.0118,0.0134,0.2717,0.6727,0.0304
ALA-KLS0564-R174540-2892378,0.9709,0.0015,0.0025,0.023,0.0021
ALA-KLS1526-3593366,0.9727,0.0079,0.001,0.0044,0.014
ALA-KLS1548-3593373,0.9875,0.0027,0.001,0.004,0.0048
ALA-KLS1549-3593354,0.9612,0.0073,0.0011,0.0263,0.0041
ALA-KLS1555-3593323,0.9884,0.0012,0.0022,0.0046,0.0036
ALA-SS170808-01-2562218,0.995,0.0016,0.0009,0.0013,0.0012
ALA-SS170808-06-2892529,0.9898,0.0027,0.0009,0.0031,0.0035
ALA-SS170809-01-2892375,0.9904,0.0012,0.001,0.0033,0.0041
ALA-SS170809-03-2892475,0.9911,0.0034,0.001,0.0023,0.0022
ALA-SS170810-01-2892386,0.9931,0.0018,0.0012,0.0022,0.0017
ALA-SS170813-01-2892422,0.9746,0.0009,0.0012,0.006,0.0173
ALA-SS170815-01-2892435,0.9789,0.0159,0.0009,0.002,0.0023
ALA-SS170815-03-2892473,0.9904,0.001,0.001,0.0022,0.0054
ALA-SS170815-04-2892440,0.9781,0.001,0.0015,0.0018,0.0176
ALA-SS170816-01-2892493,0.9938,0.0031,0.001,0.0011,0.001
ALA-SS170820-05-2892447,0.9902,0.0014,0.001,0.0038,0.0036
ALA-SS170822-01-2892494,0.9912,0.0017,0.0019,0.002,0.0032
ALA-SS170822-02-2892495,0.9791,0.0126,0.0018,0.0044,0.0021
ALA-SS170822-03-2892528,0.9901,0.001,0.0008,0.0022,0.0059
ALA-SS171011-02-2892425,0.9931,0.0018,0.0008,0.0013,0.003
ALA-SS171011-03-2892496,0.984,0.0015,0.001,0.0082,0.0053
ALA-SS171018-02-2892517,0.9936,0.0022,0.0006,0.0026,0.001
ALA-SS171025-01-2892506,0.9798,0.0011,0.0148,0.001,0.0033
ALA-SS171104-01-2892432,0.9897,0.0014,0.001,0.0017,0.0062
ALA-SS171105-01-2892472,0.9882,0.0029,0.0009,0.0046,0.0034
ALA-SS171106-02-2892479,0.9941,0.001,0.0004,0.0011,0.0034
ALA-SS171106-03-2892404,0.9933,0.0009,0.001,0.0013,0.0035
ALA-VU51-2892500,0.9913,0.001,0.0014,0.0021,0.0042
ALA-VU53-2892376,0.9882,0.0084,0.0009,0.0011,0.0014
ALA-VU62-2892417,0.9535,0.007,0.0011,0.0206,0.0178
ALA-KLS0327-2892561,0.0218,0.0236,0.007,0.0102,0.9374
APO-BD304-2892487,0.9785,0.0152,0.0009,0.0024,0.003
APO-BD320-2892516,0.9924,0.0012,0.0011,0.0015,0.0038
APO-BD325-2892538,0.994,0.001,0.001,0.0012,0.0028
APO-BD326-2892550,0.9917,0.001,0.0008,0.0011,0.0054
APO-BD330-2892535,0.9913,0.0037,0.0021,0.001,0.0019
APO-BD331-2892519,0.9952,0.0012,0.0014,0.001,0.0012
APO-BD337-2892483,0.992,0.0041,0.001,0.001,0.0019
APO-BD338-2892540,0.9946,0.0011,0.001,0.001,0.0023
APO-BD339-2892520,0.994,0.0008,0.001,0.001,0.0032
APO-BD342-2892423,0.9903,0.0045,0.0011,0.0021,0.002
