,0,1,2,3
HMA-KLS0629-2117699,0.3051,0.0148,0.6599,0.0203
HMA-KLS0630-2117717,0.2931,0.0047,0.6565,0.0457
HMA-KLS0631-2117697,0.3728,0.0069,0.5992,0.0211
HMA-KLS0633-2117719,0.4939,0.0023,0.4793,0.0245
HMA-KLS0647-2117698,0.4073,0.0032,0.5741,0.0154
HMA-KLS0652-2117715,0.4011,0.0032,0.5503,0.0454
HMA-KLS0662-2117700,0.366,0.0022,0.6141,0.0177
HMA-KLS0676-2117735,0.2547,0.0044,0.7161,0.0248
HMA-KLS0762-2117712,0.4004,0.0059,0.5772,0.0165
HMA-KLS1016-2117701,0.4067,0.0025,0.5694,0.0214
HMA-KLS1017-2117720,0.3607,0.0041,0.6183,0.0169
HMA-KLS1020-2117696,0.1686,0.0048,0.8115,0.0151
HMA-KLS1379-3593334,0.4038,0.0084,0.5625,0.0253
HMA-KLS1416-3593319,0.2565,0.0039,0.7221,0.0175
HMA-KLS1421-3593374,0.2218,0.0026,0.7583,0.0173
HMA-KLS0798-2117733,0.307,0.0052,0.6735,0.0144
HMA-KLS0799-2117731,0.2141,0.0016,0.7669,0.0174
HMA-KLS0801-2117727,0.2117,0.003,0.7718,0.0135
HMA-KLS0808-2117740,0.1678,0.0039,0.8122,0.0161
HMA-KLS0813-2117730,0.12,0.006,0.8197,0.0543
HMA-KLS0898-2117745,0.3789,0.0086,0.5846,0.0279
HMA-KLS0913-2117749,0.3422,0.0032,0.6365,0.0181
HMA-KLS0933-2117744,0.2179,0.0126,0.7439,0.0255
HMA-Dm001-3991498,0.8219,0.0854,0.0725,0.0202
HMA-Dm004-3991499,0.9612,0.0076,0.0156,0.0156
HMA-Dm005-3991500,0.8668,0.0431,0.0661,0.0241
HMA-Dm007-3991501,0.9285,0.0488,0.0101,0.0126
HMA-Dm008-3991502,0.9514,0.0148,0.0113,0.0225
HMA-Dm010-3991503,0.9486,0.0102,0.0165,0.0247
HMA-Dm011-3991504,0.9055,0.0135,0.0601,0.0209
HMA-Dm014-3991505,0.9309,0.0309,0.0185,0.0197
HMA-Dm015-3991506,0.761,0.0061,0.0036,0.2293
HMA-Dm018-3991507,0.9088,0.0057,0.0556,0.0299
HMA-Dm028-3991509,0.7273,0.0033,0.0042,0.2652
HMA-Dm029-4019824,0.9723,0.0035,0.0048,0.0194
HMA-Dm032-4019825,0.9271,0.0343,0.0082,0.0304
HMA-Dm045_was_He078-4019826,0.7612,0.0068,0.0031,0.2289
HMA-J84471-2117859,0.8965,0.0046,0.055,0.0439
HMA-MAGNT-R36643-2117742,0.95,0.0091,0.0163,0.0246
HMA-R29873-2117819,0.9672,0.0026,0.0052,0.025
HMA-R29875-2117836,0.9496,0.0169,0.0107,0.0228
HMA-R36496-2117767,0.9546,0.0217,0.0054,0.0183
HMA-R36640-2117798,0.9278,0.0356,0.0191,0.0175
HMA-R36656-2117844,0.9215,0.0444,0.0152,0.0189
HMA-R36660-2117840,0.8956,0.0056,0.0686,0.0302
HMA-R36982-2117760,0.9585,0.0045,0.017,0.02
HMA-R37004-2117761,0.9435,0.021,0.0115,0.024
HMA-R37005-2117762,0.9612,0.006,0.0117,0.0211
HMA-R37023-2117763,0.9183,0.0073,0.0609,0.0135
HMA-R37031-2117764,0.9148,0.0216,0.0456,0.018
HMA-R37037-2117765,0.9457,0.016,0.012,0.0263
HMA-R37138-2117766,0.943,0.0094,0.0195,0.0281
HMA-NC_166-2117725,0.0027,0.9932,0.0017,0.0024
HMA-NC_167-2117726,0.0214,0.9734,0.0033,0.0019
HMA-NC_169-2117729,0.0021,0.9953,0.0015,0.0011
HMA-NC_173-2117703,0.0059,0.9896,0.003,0.0015
HMA-NC_174-2117743,0.0067,0.99,0.0016,0.0017
HMA-NC_176-2117714,0.0041,0.9928,0.002,0.0011
HMA-NC_179-2117695,0.008,0.9875,0.0025,0.002
HMA-NC_180-2117713,0.0287,0.959,0.0097,0.0026
HMA-NC_181-2117711,0.0044,0.9922,0.0022,0.0012
HMA-NC_189-2117710,0.0335,0.9577,0.0047,0.0041
HMA-KLS1514-3593378,0.1925,0.0041,0.7701,0.0333
HMA-KLS1522-3593369,0.2842,0.0064,0.6909,0.0185
HMA-KLS1538-3593349,0.272,0.0029,0.7076,0.0175
HMA-KLS1553-3593325,0.2011,0.0037,0.7803,0.0149
HMA-KLS1554-3593316,0.199,0.0043,0.7822,0.0145
HMA-SS170809_02-2117728,0.2417,0.0029,0.7357,0.0197
HMA-SS170820_01-2117747,0.2369,0.0034,0.7432,0.0165
HMA-SS171024_01-2117723,0.2491,0.0092,0.7205,0.0211
HMA-VU55-2117702,0.2433,0.0038,0.7346,0.0183
HMA-VU61-2117705,0.4239,0.0171,0.5421,0.0169
HMA-KLS1692-4013432,0.0149,0.0043,0.8536,0.1272
HMA-KLS1694-4013434,0.0345,0.0042,0.8323,0.129
HMA-KLS1697-4013437,0.0155,0.0029,0.7916,0.19
HMA-KLS1699-4013439,0.0319,0.005,0.778,0.1851
HMA-KLS1703-4013443,0.021,0.0043,0.776,0.1987
HMA-KLS1705-4013445,0.0126,0.0025,0.8007,0.1842
HMA-KLS1711-4013451,0.0126,0.0024,0.8683,0.1167
HMA-R154981-2117752,0.0031,0.0021,0.5955,0.3993
HMA-WAM-R154978-2562207,0.0205,0.0023,0.7662,0.211
HMA-WAM-R154981-2562169,0.0032,0.0019,0.5953,0.3996
HMA-WAMR154978-2117736,0.0059,0.0066,0.5858,0.4017
HMA-J87200-2117846,0.6436,0.281,0.005,0.0704
HMA-J87202-2117845,0.6469,0.2907,0.0031,0.0593
HMA-J88474-2117828,0.6918,0.2629,0.0112,0.0341
HMA-J89073-2117861,0.7526,0.0333,0.0052,0.2089
