,0,1,2,3,4,5,6,7,8,9
HMA-KLS0629-2117699,0.0031,0.0086,0.0049,0.0035,0.0023,0.0384,0.008,0.9248,0.001,0.0053
HMA-KLS0630-2117717,0.026,0.0018,0.0046,0.02,0.0023,0.0158,0.1554,0.7683,0.0041,0.0017
HMA-KLS0631-2117697,0.0025,0.0009,0.005,0.0029,0.0016,0.0949,0.0299,0.8551,0.0045,0.0027
HMA-KLS0633-2117719,0.002,0.0009,0.0121,0.0012,0.0011,0.0818,0.0087,0.8824,0.0088,0.001
HMA-KLS0647-2117698,0.0043,0.0012,0.0067,0.0045,0.0032,0.0456,0.0118,0.92,0.0017,0.001
HMA-KLS0652-2117715,0.0738,0.0011,0.0077,0.0038,0.005,0.1593,0.0124,0.7248,0.0111,0.001
HMA-KLS0662-2117700,0.0071,0.0023,0.004,0.0032,0.0014,0.1069,0.0547,0.8125,0.0069,0.001
HMA-KLS0676-2117735,0.0351,0.0009,0.0025,0.003,0.0023,0.0285,0.1901,0.7352,0.0011,0.0013
HMA-KLS0762-2117712,0.0062,0.0019,0.004,0.0015,0.0019,0.0544,0.1028,0.8198,0.005,0.0025
HMA-KLS1016-2117701,0.0019,0.0017,0.0038,0.007,0.0012,0.1055,0.0052,0.8714,0.0013,0.001
HMA-KLS1017-2117720,0.0027,0.0011,0.003,0.0014,0.0023,0.0334,0.006,0.9475,0.001,0.0016
HMA-KLS1020-2117696,0.0158,0.0007,0.001,0.0062,0.0008,0.0026,0.003,0.9657,0.0021,0.0021
HMA-KLS1379-3593334,0.0043,0.001,0.0083,0.005,0.0025,0.0307,0.0177,0.9244,0.0026,0.0035
HMA-KLS1416-3593319,0.0141,0.001,0.0019,0.0042,0.0015,0.0596,0.0109,0.9044,0.0013,0.0011
HMA-KLS1421-3593374,0.021,0.001,0.0016,0.0032,0.0019,0.0043,0.0259,0.9381,0.002,0.001
HMA-KLS0798-2117733,0.0071,0.0017,0.0017,0.0012,0.0017,0.0153,0.0022,0.9623,0.0048,0.002
HMA-KLS0799-2117731,0.0182,0.001,0.0018,0.0019,0.0012,0.0063,0.0026,0.9651,0.0013,0.0006
HMA-KLS0801-2117727,0.0061,0.0018,0.0022,0.0031,0.0022,0.0041,0.006,0.9726,0.0009,0.001
HMA-KLS0808-2117740,0.0074,0.0011,0.0013,0.0027,0.0009,0.0018,0.0051,0.9768,0.0017,0.0012
HMA-KLS0813-2117730,0.0294,0.0016,0.004,0.0299,0.0015,0.0026,0.0018,0.9271,0.0009,0.0012
HMA-KLS0898-2117745,0.0453,0.013,0.0165,0.0101,0.0018,0.0324,0.0059,0.8658,0.006,0.0032
HMA-KLS0913-2117749,0.0009,0.0029,0.0034,0.003,0.0014,0.0086,0.0029,0.9739,0.002,0.001
HMA-KLS0933-2117744,0.0083,0.001,0.0017,0.0034,0.0057,0.0026,0.0466,0.9254,0.0017,0.0036
HMA-Dm001-3991498,0.0023,0.0012,0.0036,0.0013,0.0018,0.7947,0.0294,0.1061,0.0253,0.0343
HMA-Dm004-3991499,0.0013,0.0011,0.0093,0.001,0.0018,0.969,0.0039,0.0066,0.0036,0.0024
HMA-Dm005-3991500,0.0026,0.001,0.0092,0.0044,0.0025,0.8703,0.0309,0.0581,0.0102,0.0108
HMA-Dm007-3991501,0.0019,0.001,0.0119,0.0009,0.0013,0.9648,0.0014,0.0032,0.002,0.0116
HMA-Dm008-3991502,0.0012,0.0028,0.0032,0.0009,0.0068,0.9719,0.0017,0.007,0.0015,0.003
HMA-Dm010-3991503,0.0014,0.001,0.0045,0.0013,0.0018,0.9719,0.0058,0.0034,0.0069,0.002
HMA-Dm011-3991504,0.002,0.0013,0.0014,0.001,0.0018,0.9593,0.0056,0.0219,0.004,0.0017
HMA-Dm014-3991505,0.0012,0.001,0.0071,0.0014,0.0061,0.9675,0.0038,0.0056,0.0011,0.0052
HMA-Dm015-3991506,0.0003,0.0004,0.0431,0.0002,0.0009,0.001,0.0007,0.0009,0.9515,0.001
HMA-Dm018-3991507,0.0039,0.0012,0.0046,0.0069,0.0013,0.9608,0.0026,0.0141,0.0034,0.0012
HMA-Dm028-3991509,0.0027,0.9809,0.0026,0.001,0.0025,0.0042,0.0021,0.0018,0.0011,0.0011
HMA-Dm029-4019824,0.0005,0.0003,0.8936,0.0009,0.0006,0.0996,0.0009,0.0011,0.0016,0.0009
HMA-Dm032-4019825,0.001,0.0055,0.0526,0.001,0.0268,0.8747,0.0056,0.0052,0.0124,0.0153
HMA-Dm045_was_He078-4019826,0.0003,0.0003,0.0429,0.0003,0.0008,0.0009,0.0007,0.0007,0.9521,0.001
HMA-J84471-2117859,0.0012,0.0319,0.09,0.0034,0.0621,0.1356,0.6645,0.0054,0.0031,0.0028
HMA-MAGNT-R36643-2117742,0.0036,0.0011,0.0107,0.0028,0.001,0.9682,0.0045,0.0049,0.0014,0.0018
HMA-R29873-2117819,0.0004,0.0004,0.8949,0.0007,0.0004,0.0997,0.0009,0.001,0.0011,0.0005
HMA-R29875-2117836,0.0014,0.0075,0.1648,0.001,0.0011,0.8119,0.0024,0.0042,0.0014,0.0043
HMA-R36496-2117767,0.0007,0.0052,0.0423,0.001,0.0037,0.9053,0.0277,0.0051,0.0038,0.0052
HMA-R36640-2117798,0.0011,0.0011,0.0071,0.0012,0.0013,0.967,0.0038,0.0041,0.0027,0.0106
HMA-R36656-2117844,0.0017,0.001,0.0039,0.001,0.0027,0.9642,0.007,0.0061,0.0014,0.011
HMA-R36660-2117840,0.0021,0.0048,0.0017,0.0011,0.0012,0.9447,0.0119,0.0165,0.0148,0.0012
HMA-R36982-2117760,0.0012,0.002,0.034,0.0013,0.0332,0.9061,0.0104,0.0087,0.0021,0.0011
HMA-R37004-2117761,0.0008,0.0091,0.0012,0.002,0.0112,0.9612,0.0021,0.0055,0.0013,0.0056
HMA-R37005-2117762,0.0005,0.0016,0.0078,0.0039,0.0023,0.9704,0.0019,0.0069,0.0028,0.0019
HMA-R37023-2117763,0.0021,0.0013,0.0016,0.0012,0.0039,0.966,0.0028,0.0179,0.0012,0.002
HMA-R37031-2117764,0.0054,0.0015,0.0313,0.0011,0.0042,0.9212,0.0113,0.0168,0.0019,0.0053
HMA-R37037-2117765,0.0012,0.0023,0.0034,0.001,0.0388,0.9389,0.0019,0.0067,0.0026,0.0032
HMA-R37138-2117766,0.0044,0.0018,0.002,0.0019,0.0025,0.9781,0.0016,0.0036,0.002,0.0021
HMA-NC_166-2117725,0.0001,0.0026,0.0002,0.0001,0.0001,0.0003,0.0005,0.0001,0.001,0.995
HMA-NC_167-2117726,0.0006,0.0004,0.0014,0.0008,0.0033,0.005,0.0013,0.002,0.0009,0.9843
HMA-NC_169-2117729,0.0001,0.0,0.0005,0.0,0.0,0.0004,0.0002,0.0002,0.0001,0.9985
HMA-NC_173-2117703,0.0009,0.0009,0.0012,0.0009,0.0014,0.001,0.003,0.001,0.0002,0.9895
HMA-NC_174-2117743,0.0001,0.0002,0.0008,0.0004,0.0012,0.0009,0.0007,0.0008,0.0009,0.994
HMA-NC_176-2117714,0.0002,0.0,0.0003,0.0001,0.0006,0.0005,0.0003,0.0004,0.0008,0.9968
HMA-NC_179-2117695,0.0006,0.0009,0.0007,0.0008,0.0052,0.002,0.0005,0.0011,0.0015,0.9867
HMA-NC_180-2117713,0.001,0.001,0.0103,0.001,0.0017,0.0033,0.0023,0.0042,0.0008,0.9744
HMA-NC_181-2117711,0.0004,0.0,0.0004,0.0004,0.0004,0.001,0.0006,0.001,0.0004,0.9954
HMA-NC_189-2117710,0.001,0.0032,0.0126,0.0012,0.0028,0.0037,0.0013,0.002,0.0032,0.969
HMA-KLS1514-3593378,0.0271,0.001,0.0012,0.0014,0.0045,0.0029,0.0045,0.9395,0.0167,0.0012
HMA-KLS1522-3593369,0.002,0.001,0.0019,0.0017,0.001,0.0169,0.0374,0.9341,0.0015,0.0025
HMA-KLS1538-3593349,0.0034,0.0011,0.0027,0.0023,0.0019,0.008,0.0109,0.9678,0.0009,0.001
HMA-KLS1553-3593325,0.0023,0.0011,0.0017,0.0173,0.0013,0.0036,0.0031,0.9673,0.0011,0.0012
HMA-KLS1554-3593316,0.0322,0.0011,0.0022,0.0011,0.0008,0.0034,0.0023,0.9529,0.0026,0.0014
HMA-SS170809_02-2117728,0.006,0.001,0.004,0.0044,0.001,0.0047,0.0031,0.973,0.0017,0.0011
HMA-SS170820_01-2117747,0.0079,0.001,0.001,0.0148,0.0017,0.0056,0.008,0.9546,0.0044,0.001
HMA-SS171024_01-2117723,0.0067,0.001,0.0016,0.002,0.0011,0.0128,0.1915,0.7776,0.0028,0.0029
HMA-VU55-2117702,0.0046,0.0024,0.0012,0.0031,0.0079,0.0043,0.1591,0.8152,0.0009,0.0013
HMA-VU61-2117705,0.0012,0.0012,0.0124,0.0012,0.0011,0.0624,0.0044,0.9004,0.0068,0.0089
HMA-KLS1692-4013432,0.5588,0.0009,0.0013,0.0275,0.0013,0.0021,0.0057,0.395,0.0049,0.0025
HMA-KLS1694-4013434,0.4938,0.001,0.0012,0.0524,0.001,0.004,0.0091,0.4351,0.0008,0.0016
HMA-KLS1697-4013437,0.4625,0.001,0.0023,0.1871,0.0008,0.0018,0.0025,0.3398,0.001,0.0012
HMA-KLS1699-4013439,0.3591,0.001,0.0017,0.2295,0.0009,0.0025,0.0031,0.3934,0.0073,0.0015
HMA-KLS1703-4013443,0.5645,0.0065,0.001,0.1594,0.0017,0.0016,0.0021,0.2602,0.0015,0.0015
HMA-KLS1705-4013445,0.5161,0.001,0.001,0.1336,0.0006,0.0011,0.0045,0.3401,0.0011,0.001
HMA-KLS1711-4013451,0.4218,0.0009,0.0008,0.0939,0.0006,0.0016,0.0128,0.4656,0.001,0.001
HMA-R154981-2117752,0.0004,0.0,0.0001,0.997,0.0007,0.0004,0.0,0.001,0.0,0.0004
HMA-WAM-R154978-2562207,0.5142,0.0009,0.0016,0.1829,0.0218,0.002,0.0464,0.2284,0.0009,0.001
HMA-WAM-R154981-2562169,0.0001,0.0,0.0001,0.9993,0.0001,0.0,0.0,0.0001,0.0,0.0003
HMA-WAMR154978-2117736,0.6774,0.0011,0.0024,0.0024,0.0996,0.0015,0.2106,0.0017,0.0012,0.0021
HMA-J87200-2117846,0.0012,0.001,0.0047,0.0058,0.4814,0.2556,0.0026,0.0051,0.0022,0.2404
HMA-J87202-2117845,0.0009,0.0011,0.0213,0.001,0.4221,0.266,0.0041,0.0059,0.0017,0.2759
HMA-J88474-2117828,0.0013,0.0065,0.0011,0.0048,0.0303,0.6877,0.0013,0.0018,0.0316,0.2336
HMA-J89073-2117861,0.001,0.0013,0.0012,0.0011,0.887,0.1001,0.0013,0.0015,0.0011,0.0044
