,0,1,2,3,4,5,6,7
HST-KLS1662-4013403,0.007,0.0098,0.0042,0.0024,0.0092,0.0086,0.0022,0.9566
HST-KLS1665-4013406,0.0058,0.0068,0.0038,0.0084,0.0076,0.0064,0.0028,0.9584
HST-KLS1666-4013407,0.0082,0.0092,0.0058,0.0026,0.0092,0.0092,0.0024,0.9534
HST-KLS1667-4013408,0.0032,0.0038,0.0028,0.0022,0.003,0.004,0.0262,0.9548
HST-KLS1668-4013409,0.0076,0.0128,0.0048,0.0034,0.0092,0.0096,0.0032,0.9494
HST-KLS1669-4013410,0.006,0.0068,0.014,0.0034,0.008,0.0072,0.0028,0.9518
HST-KLS1670-4013411,0.0048,0.0072,0.0034,0.0024,0.0068,0.009,0.0016,0.9648
HST-KLS1671-4013412,0.0062,0.0068,0.003,0.004,0.0066,0.0064,0.0016,0.9654
HST-KLS1673-4013414,0.0066,0.01,0.0044,0.0024,0.0086,0.0082,0.002,0.9578
HST-KLS1674-4013415,0.0062,0.0066,0.0056,0.0034,0.0068,0.0062,0.0024,0.9628
HST-KLS1675-4013416,0.0058,0.0072,0.0028,0.0026,0.0066,0.0066,0.0018,0.9666
HST-KLS1676-4013417,0.0064,0.0094,0.005,0.0028,0.008,0.0086,0.0026,0.9572
HST-KLS1678-4013419,0.0054,0.0062,0.0066,0.0038,0.008,0.0064,0.003,0.9606
HST-KLS1680-4013421,0.0054,0.0062,0.0108,0.004,0.0068,0.0056,0.0018,0.9594
HST-KLS1681-4013422,0.0076,0.0084,0.0056,0.0032,0.0092,0.0084,0.0022,0.9554
HST-KLS1683-4013424,0.0064,0.0074,0.004,0.0024,0.0072,0.0068,0.0016,0.9642
HST-KLS1684-4013425,0.0044,0.0046,0.003,0.0026,0.0054,0.0046,0.0064,0.969
HST-KLS1685-4013426,0.0086,0.008,0.009,0.0038,0.007,0.0104,0.0032,0.95
HST-KLS1686-4013427,0.0064,0.0078,0.003,0.0026,0.0058,0.0062,0.0018,0.9664
HST-KLS1688-4013428,0.008,0.0082,0.0116,0.003,0.0098,0.0088,0.0032,0.9474
HST-KLS1689-4013429,0.0076,0.0082,0.0044,0.0028,0.0108,0.0094,0.0022,0.9546
HST-KLS1691-4013431,0.005,0.0044,0.0112,0.0038,0.0046,0.0048,0.002,0.9642
HST-KLS0490-2892498,0.0062,0.0082,0.004,0.0056,0.0072,0.0074,0.0038,0.9576
HST-KLS0527-2892409,0.009,0.0106,0.0084,0.003,0.011,0.0114,0.0012,0.9454
HST-KLS0528-2892531,0.0062,0.0076,0.0028,0.0024,0.0078,0.0086,0.0012,0.9634
HST-KLS0566-2892525,0.0052,0.0066,0.0026,0.0026,0.0054,0.0056,0.0016,0.9704
HST-KLS0573-2892480,0.0082,0.0094,0.0056,0.0028,0.0096,0.0102,0.0022,0.952
HST-KLS0604-2892450,0.0076,0.01,0.0038,0.0022,0.0114,0.0126,0.0022,0.9502
HST-KLS0635-2562180,0.0068,0.0082,0.0044,0.0028,0.0088,0.0088,0.0018,0.9584
HST-KLS0636-2562216,0.0118,0.0098,0.0038,0.0026,0.0116,0.0132,0.0012,0.946
HST-KLS0675-2892455,0.0058,0.0068,0.0032,0.0028,0.0066,0.0058,0.0022,0.9668
HST-KLS0677-2892491,0.006,0.0066,0.0024,0.0026,0.0062,0.0074,0.001,0.9678
HST-KLS0678-2892468,0.0068,0.0064,0.0042,0.0074,0.0062,0.006,0.0022,0.9608
HST-KLS0679-2892438,0.0036,0.0028,0.0024,0.0026,0.0036,0.0032,0.0314,0.9504
HST-KLS0680-2892474,0.0048,0.006,0.0032,0.002,0.0052,0.007,0.002,0.9698
HST-KLS0681-2892443,0.0084,0.0092,0.0036,0.0028,0.0096,0.0072,0.002,0.9572
HST-KLS0682-2892504,0.0066,0.0082,0.0034,0.0034,0.0076,0.0068,0.0034,0.9606
HST-KLS0686-2892505,0.0076,0.0062,0.0058,0.0044,0.0062,0.0068,0.0022,0.9608
HST-KLS0687-2892451,0.0048,0.005,0.0022,0.0022,0.0062,0.0054,0.0016,0.9726
HST-KLS1157-3593388,0.0068,0.0082,0.0034,0.0026,0.0088,0.0078,0.002,0.9604
HST-KLS1158-3593383,0.0074,0.0106,0.0036,0.0032,0.0084,0.0092,0.0022,0.9554
HST-KLS1159-3593340,0.006,0.0074,0.004,0.005,0.0072,0.0086,0.0024,0.9594
HST-KLS1367-3593339,0.0088,0.0082,0.0046,0.0028,0.0088,0.0086,0.0016,0.9566
HST-KLS1369-3593347,0.0056,0.0084,0.0072,0.0038,0.0076,0.0072,0.002,0.9582
HST-KLS1370-3593333,0.0044,0.0044,0.0104,0.0032,0.0044,0.0046,0.0024,0.9662
HST-KLS1371-3593312,0.0076,0.0074,0.0066,0.0026,0.0082,0.0086,0.003,0.956
HST-KLS1372-3593318,0.008,0.0072,0.009,0.003,0.0068,0.0068,0.0026,0.9566
HST-KLS1380-3593381,0.0054,0.006,0.0044,0.0044,0.0052,0.0062,0.0088,0.9596
HST-KLS1384-3593379,0.0078,0.0086,0.0036,0.0024,0.0076,0.01,0.0018,0.9582
HST-KLS1385-3593310,0.0082,0.0116,0.0054,0.0032,0.0124,0.011,0.0026,0.9456
HST-KLS1412-3593322,0.009,0.0112,0.0032,0.0036,0.009,0.0102,0.0024,0.9514
HST-KLS1414-3593346,0.0074,0.0082,0.0044,0.003,0.0092,0.0084,0.0026,0.9568
HST-KLS1417-3593370,0.006,0.0092,0.0052,0.0026,0.0092,0.0104,0.0024,0.955
HST-KLS1418-3593309,0.0068,0.0084,0.0046,0.0034,0.0066,0.0086,0.0028,0.9588
HST-KLS1419-3593306,0.0062,0.0058,0.0106,0.0038,0.0058,0.0052,0.004,0.9586
HST-KLS1420-3593353,0.0074,0.0084,0.0064,0.0028,0.0072,0.0078,0.002,0.958
HST-KLS1422-3593399,0.0056,0.0066,0.0058,0.003,0.008,0.0068,0.0022,0.962
HST-KLS1424-3593329,0.0042,0.0044,0.0034,0.0026,0.0046,0.005,0.0016,0.9742
HST-KLS1429-3593311,0.005,0.0066,0.004,0.0026,0.0066,0.0072,0.0036,0.9644
HST-VU38-2892414,0.0078,0.0088,0.0042,0.0028,0.0084,0.0092,0.0052,0.9536
HST-KLS0794-2562199,0.005,0.006,0.0034,0.0066,0.0066,0.0054,0.0012,0.9658
HST-KLS0795-2892379,0.0062,0.0084,0.0038,0.0032,0.0072,0.0086,0.0026,0.96
HST-KLS0804-2892392,0.0056,0.007,0.003,0.0032,0.007,0.0068,0.0026,0.9648
HST-KLS0843-2892452,0.007,0.0094,0.0036,0.0034,0.0108,0.0102,0.0032,0.9524
HST-KLS0847-2892542,0.0152,0.0282,0.0062,0.0068,0.0264,0.0314,0.0024,0.8833
HST-KLS0858-2892456,0.0054,0.0072,0.0044,0.0122,0.0066,0.007,0.0014,0.9558
HST-KLS0883-2892509,0.007,0.0062,0.0036,0.0088,0.0056,0.0066,0.0026,0.9596
HST-KLS0923-2892400,0.0058,0.0078,0.0034,0.0086,0.0082,0.0076,0.0016,0.957
HST-KLS0938-2892388,0.0056,0.0068,0.0032,0.0022,0.0064,0.0058,0.0022,0.9678
HST-KLS0983-2892406,0.0046,0.0062,0.0028,0.0036,0.006,0.006,0.0016,0.9692
HST-KLS0986-2892407,0.006,0.0048,0.0092,0.0064,0.005,0.005,0.0026,0.961
HST-KLS1273-2892431,0.0042,0.0036,0.0028,0.0046,0.0038,0.0038,0.0016,0.9756
HST-KLS1274-2892410,0.0088,0.0066,0.0036,0.0058,0.0084,0.0092,0.0018,0.9558
HST-VU116-2892391,0.0028,0.0028,0.0032,0.002,0.003,0.003,0.0382,0.945
HST-KLS0559-2892377,0.0012,0.0014,0.0012,0.0122,0.0012,0.0012,0.0166,0.965
HST-KLS1173-2892444,0.0074,0.0074,0.0042,0.0042,0.0068,0.0078,0.0016,0.9606
HST-KLS1182-2892449,0.0052,0.0066,0.0036,0.0034,0.007,0.0078,0.0034,0.963
HST-KLS1200-2892434,0.0016,0.002,0.0016,0.0148,0.0014,0.0016,0.02,0.957
HST-KLS1206-3593330,0.005,0.0046,0.0038,0.0098,0.0054,0.005,0.0016,0.9648
HST-KLS1227-2892412,0.0064,0.0082,0.0042,0.0036,0.008,0.0084,0.0024,0.9588
HST-KLS1515-3593385,0.0056,0.0066,0.0028,0.0032,0.007,0.0066,0.0016,0.9666
HST-KLS1517-3593355,0.007,0.0074,0.0048,0.004,0.0062,0.0078,0.0026,0.9602
HST-KLS1528-3593321,0.0074,0.0086,0.005,0.0028,0.0086,0.0084,0.0022,0.957
HST-KLS1541-3593313,0.0062,0.0072,0.0032,0.0026,0.0066,0.0072,0.0016,0.9654
HST-KLS1544-3593344,0.005,0.0056,0.0038,0.0028,0.0048,0.006,0.0068,0.9652
HST-KLS1556-3593324,0.0054,0.007,0.0032,0.0032,0.0068,0.0056,0.0028,0.966
HST-SS170814-01-2562208,0.0124,0.0184,0.0042,0.0036,0.0136,0.0132,0.0022,0.9324
HST-SS170820-02-2892469,0.0054,0.0062,0.0036,0.0038,0.0058,0.0058,0.0034,0.966
