,0,1,2,3,4,5,6
HST-KLS1662-4013403,0.959,0.007,0.0072,0.0062,0.0076,0.006,0.007
HST-KLS1665-4013406,0.9594,0.0068,0.007,0.007,0.007,0.0056,0.0072
HST-KLS1666-4013407,0.9578,0.0072,0.0066,0.0058,0.008,0.0078,0.0068
HST-KLS1667-4013408,0.9558,0.0064,0.0068,0.0124,0.0062,0.0064,0.006
HST-KLS1668-4013409,0.9508,0.0076,0.0086,0.008,0.0104,0.0064,0.0082
HST-KLS1669-4013410,0.9502,0.0074,0.0086,0.0062,0.0088,0.0098,0.009
HST-KLS1670-4013411,0.9632,0.007,0.0064,0.0048,0.007,0.0048,0.0068
HST-KLS1671-4013412,0.966,0.0062,0.0066,0.0044,0.006,0.0042,0.0066
HST-KLS1673-4013414,0.9522,0.0086,0.009,0.0056,0.0094,0.006,0.0092
HST-KLS1674-4013415,0.9644,0.0062,0.0062,0.0046,0.0064,0.0062,0.006
HST-KLS1675-4013416,0.966,0.0062,0.0068,0.0046,0.0064,0.004,0.006
HST-KLS1676-4013417,0.9568,0.0072,0.0078,0.0058,0.0084,0.006,0.008
HST-KLS1678-4013419,0.962,0.007,0.007,0.0052,0.0062,0.0062,0.0064
HST-KLS1680-4013421,0.9554,0.0066,0.0072,0.0062,0.0068,0.0116,0.0062
HST-KLS1681-4013422,0.955,0.008,0.008,0.006,0.0092,0.0064,0.0074
HST-KLS1683-4013424,0.9618,0.0066,0.0076,0.0052,0.0064,0.0054,0.007
HST-KLS1684-4013425,0.9672,0.0064,0.0056,0.0048,0.0064,0.0038,0.0058
HST-KLS1685-4013426,0.9498,0.0094,0.0094,0.0076,0.008,0.0066,0.0092
HST-KLS1686-4013427,0.9684,0.0058,0.0058,0.0038,0.0064,0.004,0.0058
HST-KLS1688-4013428,0.9476,0.0096,0.0096,0.0064,0.0082,0.01,0.0086
HST-KLS1689-4013429,0.955,0.0088,0.008,0.0066,0.0086,0.0056,0.0074
HST-KLS1691-4013431,0.9666,0.0042,0.005,0.0042,0.0044,0.0104,0.0052
HST-KLS0490-2892498,0.9562,0.0074,0.0076,0.0054,0.0098,0.0064,0.0072
HST-KLS0527-2892409,0.9476,0.0112,0.01,0.0062,0.0084,0.0076,0.009
HST-KLS0528-2892531,0.9604,0.0086,0.006,0.0056,0.0078,0.0044,0.0072
HST-KLS0566-2892525,0.9694,0.0056,0.0054,0.004,0.0054,0.0042,0.006
HST-KLS0573-2892480,0.956,0.0094,0.0084,0.0058,0.0084,0.0052,0.0068
HST-KLS0604-2892450,0.9494,0.0098,0.0074,0.007,0.0114,0.0058,0.0092
HST-KLS0635-2562180,0.9582,0.0092,0.008,0.006,0.0064,0.005,0.0072
HST-KLS0636-2562216,0.9456,0.0102,0.0096,0.007,0.0106,0.0054,0.0116
HST-KLS0675-2892455,0.9622,0.0078,0.0062,0.0056,0.0066,0.0048,0.0068
HST-KLS0677-2892491,0.9702,0.0058,0.0062,0.0034,0.0052,0.0042,0.005
HST-KLS0678-2892468,0.9592,0.0076,0.0078,0.0054,0.007,0.0056,0.0074
HST-KLS0679-2892438,0.9524,0.0062,0.0062,0.0148,0.0064,0.0074,0.0066
HST-KLS0680-2892474,0.9668,0.0064,0.0066,0.0044,0.0058,0.004,0.006
HST-KLS0681-2892443,0.9538,0.009,0.0092,0.0052,0.0088,0.0056,0.0084
HST-KLS0682-2892504,0.9566,0.0088,0.0078,0.0058,0.0074,0.0058,0.0078
HST-KLS0686-2892505,0.9608,0.0072,0.008,0.0048,0.0066,0.006,0.0066
HST-KLS0687-2892451,0.9696,0.0058,0.0052,0.0044,0.0058,0.0032,0.006
HST-KLS1157-3593388,0.9624,0.007,0.0072,0.0044,0.007,0.0046,0.0074
HST-KLS1158-3593383,0.9562,0.0078,0.0068,0.0056,0.0094,0.0064,0.0078
HST-KLS1159-3593340,0.9598,0.0066,0.0072,0.0056,0.0084,0.005,0.0074
HST-KLS1367-3593339,0.9594,0.0084,0.0086,0.0048,0.0078,0.0048,0.0062
HST-KLS1369-3593347,0.9596,0.0074,0.0062,0.0054,0.0082,0.0056,0.0076
HST-KLS1370-3593333,0.9672,0.0048,0.005,0.0042,0.0048,0.0086,0.0054
HST-KLS1371-3593312,0.9576,0.008,0.0078,0.006,0.0076,0.0058,0.0072
HST-KLS1372-3593318,0.9588,0.0066,0.0068,0.0058,0.0068,0.0094,0.0058
HST-KLS1380-3593381,0.961,0.0072,0.0068,0.0056,0.0066,0.0062,0.0066
HST-KLS1384-3593379,0.9598,0.0088,0.0076,0.005,0.0074,0.0046,0.0068
HST-KLS1385-3593310,0.9508,0.0094,0.008,0.0064,0.01,0.0064,0.009
HST-KLS1412-3593322,0.9514,0.0088,0.0096,0.0058,0.0084,0.0064,0.0096
HST-KLS1414-3593346,0.9568,0.0074,0.0084,0.0058,0.0084,0.005,0.0082
HST-KLS1417-3593370,0.9592,0.008,0.0074,0.005,0.007,0.0064,0.007
HST-KLS1418-3593309,0.9594,0.0076,0.0086,0.0048,0.0078,0.0046,0.0072
HST-KLS1419-3593306,0.9602,0.0058,0.0052,0.0054,0.006,0.0114,0.006
HST-KLS1420-3593353,0.957,0.0086,0.0088,0.0058,0.0082,0.0054,0.0062
HST-KLS1422-3593399,0.9624,0.0066,0.0064,0.005,0.0072,0.0064,0.006
HST-KLS1424-3593329,0.9734,0.0056,0.0044,0.003,0.0044,0.004,0.0052
HST-KLS1429-3593311,0.9654,0.0054,0.0054,0.0048,0.006,0.0062,0.0068
HST-VU38-2892414,0.9548,0.0096,0.0078,0.0064,0.0088,0.0052,0.0074
HST-KLS0794-2562199,0.9646,0.0068,0.0068,0.0052,0.0064,0.0044,0.0058
HST-KLS0795-2892379,0.9626,0.0076,0.0066,0.0044,0.0066,0.0052,0.007
HST-KLS0804-2892392,0.9632,0.0074,0.006,0.0054,0.0068,0.0048,0.0064
HST-KLS0843-2892452,0.9546,0.0088,0.0078,0.0088,0.0074,0.0056,0.007
HST-KLS0847-2892542,0.8862,0.0308,0.018,0.013,0.0196,0.0084,0.024
HST-KLS0858-2892456,0.9546,0.0086,0.0078,0.0062,0.0094,0.005,0.0084
HST-KLS0883-2892509,0.9592,0.0084,0.0082,0.0046,0.0076,0.005,0.007
HST-KLS0923-2892400,0.9552,0.0084,0.0084,0.0056,0.009,0.0054,0.008
HST-KLS0938-2892388,0.9684,0.0062,0.0058,0.0046,0.0064,0.0034,0.0052
HST-KLS0983-2892406,0.9686,0.0064,0.0056,0.004,0.0056,0.004,0.0058
HST-KLS0986-2892407,0.963,0.0064,0.0062,0.005,0.0062,0.007,0.0062
HST-KLS1273-2892431,0.9732,0.0048,0.0046,0.0044,0.0054,0.0036,0.004
HST-KLS1274-2892410,0.9602,0.0074,0.008,0.005,0.0076,0.0054,0.0064
HST-VU116-2892391,0.9456,0.0076,0.0068,0.016,0.0066,0.0092,0.0082
HST-KLS0559-2892377,0.9628,0.0048,0.0048,0.0144,0.0048,0.0044,0.004
HST-KLS1173-2892444,0.9592,0.0072,0.0076,0.0052,0.0072,0.0054,0.0082
HST-KLS1182-2892449,0.9626,0.0066,0.0058,0.0056,0.0074,0.0052,0.0068
HST-KLS1200-2892434,0.956,0.0058,0.0058,0.0158,0.0056,0.0044,0.0066
HST-KLS1206-3593330,0.967,0.0064,0.0056,0.0044,0.0064,0.0048,0.0054
HST-KLS1227-2892412,0.96,0.0084,0.007,0.005,0.0072,0.005,0.0074
HST-KLS1515-3593385,0.9656,0.0064,0.0058,0.0046,0.0066,0.0044,0.0066
HST-KLS1517-3593355,0.9564,0.0082,0.0082,0.0052,0.009,0.0052,0.0078
HST-KLS1528-3593321,0.9578,0.008,0.0074,0.0062,0.0078,0.0048,0.008
HST-KLS1541-3593313,0.965,0.0066,0.0056,0.0046,0.007,0.0044,0.0068
HST-KLS1544-3593344,0.9652,0.0058,0.006,0.005,0.0054,0.0058,0.0068
HST-KLS1556-3593324,0.964,0.0068,0.0066,0.0056,0.0066,0.0042,0.0062
HST-SS170814-01-2562208,0.932,0.0158,0.0128,0.008,0.012,0.0072,0.0122
HST-SS170820-02-2892469,0.9664,0.006,0.006,0.005,0.006,0.0048,0.0058
