,0,1,2,3,4
ALA-AL402-3991433,0.0008,0.0008,0.9691,0.0264,0.0029
ALA-AL403-3991434,0.0007,0.0008,0.9372,0.0469,0.0144
ALA-AL405-3991436,0.0023,0.002,0.969,0.0199,0.0068
ALA-AL406-3991437,0.0009,0.0009,0.9677,0.0147,0.0158
ALA-AL407-3991438,0.0001,0.0,0.9889,0.0083,0.0027
ALA-AL408-3991439,0.0008,0.0009,0.869,0.0394,0.0899
ALA-AL409-3991440,0.0004,0.0004,0.9713,0.0184,0.0095
ALA-AL410-3991441,0.0005,0.0005,0.9878,0.0087,0.0025
ALA-AL411-3991442,0.0036,0.0037,0.959,0.0166,0.0171
ALA-AL412-3991443,0.0008,0.0006,0.9661,0.0266,0.0059
ALA-AL413-3991444,0.001,0.001,0.9789,0.0158,0.0033
ALA-AL414-3991445,0.0007,0.0006,0.8565,0.1383,0.0039
ALA-AL415-3991446,0.0006,0.0006,0.9769,0.0155,0.0064
ALA-AL416-3991447,0.002,0.0019,0.9721,0.02,0.004
ALA-AL417-3991448,0.001,0.001,0.9034,0.057,0.0376
ALA-AL418-3991449,0.0003,0.0003,0.9702,0.0252,0.004
ALA-AL419-3991450,0.0035,0.0035,0.8632,0.1079,0.0219
ALA-AL420-3991451,0.005,0.0051,0.9749,0.0077,0.0073
ALA-AL422-3991452,0.0038,0.0036,0.9767,0.0093,0.0066
ALA-AL423-3991453,0.0021,0.0021,0.9059,0.0725,0.0174
ALA-AL424-4013486,0.0492,0.0487,0.8328,0.0648,0.0045
ALA-AL425-3991454,0.0022,0.002,0.9628,0.024,0.009
ALA-AL426-3991455,0.001,0.001,0.964,0.0274,0.0066
ALA-AL427-3991456,0.0019,0.0019,0.9637,0.0237,0.0088
ALA-AL429-3991457,0.0013,0.0013,0.9055,0.0889,0.003
ALA-AL430-3991458,0.002,0.0019,0.9821,0.009,0.005
ALA-AL431-3991459,0.0014,0.0014,0.886,0.1074,0.0038
ALA-AL432-3991460,0.0004,0.0003,0.9843,0.0109,0.0041
ALA-AL433-3991461,0.0011,0.0012,0.9653,0.0301,0.0023
ALA-AL434-3991462,0.002,0.0022,0.955,0.0368,0.004
ALA-AL435-3991463,0.0053,0.0058,0.9709,0.0135,0.0045
ALA-AL436-3991464,0.0004,0.0005,0.9774,0.0184,0.0033
ALA-AL437-3991465,0.0185,0.018,0.9173,0.0386,0.0076
ALA-AL439-3991466,0.001,0.0012,0.9434,0.0478,0.0066
ALA-AL440-3991467,0.0468,0.047,0.8651,0.0301,0.011
ALA-AL441-3991468,0.0098,0.0099,0.6965,0.2718,0.012
ALA-AL442-3991469,0.0,0.0,0.9795,0.0162,0.0043
ALA-Al003-3991431,0.0009,0.0009,0.9309,0.058,0.0093
ALA-Al272-3991284,0.0019,0.0019,0.9796,0.0106,0.006
ALA-Al274-3991285,0.0014,0.0014,0.9486,0.041,0.0076
ALA-Al275-3991286,0.0061,0.0061,0.9646,0.0207,0.0025
ALA-Al277-3991287,0.0006,0.0006,0.9265,0.0688,0.0035
ALA-Al278-3991288,0.0004,0.0004,0.9615,0.0272,0.0105
ALA-Al279-3991289,0.0057,0.0055,0.9172,0.0675,0.0041
ALA-Al280-3991290,0.0014,0.0014,0.9705,0.01,0.0167
ALA-Al281-3991291,0.0011,0.0011,0.7213,0.2665,0.01
ALA-Al282-3991292,0.0038,0.0038,0.9542,0.0265,0.0117
ALA-Al283-3991293,0.0007,0.0005,0.9327,0.0601,0.006
ALA-Al285-3991294,0.0016,0.0013,0.9456,0.0344,0.0171
ALA-Al286-3991295,0.0002,0.0001,0.9146,0.0414,0.0436
ALA-Al287-3991296,0.0001,0.0001,0.9785,0.0151,0.0062
ALA-Al288-3991297,0.004,0.0041,0.9683,0.0136,0.01
ALA-Al290-3991298,0.0016,0.0015,0.975,0.0151,0.0068
ALA-Al291-3991299,0.0025,0.0025,0.818,0.1507,0.0263
ALA-Al292-3991300,0.0013,0.0013,0.9487,0.0392,0.0095
ALA-Al293-3991301,0.0063,0.006,0.9618,0.0185,0.0074
ALA-Al295-3991302,0.0016,0.0016,0.9628,0.0183,0.0157
ALA-Al296-3991303,0.0014,0.0014,0.9628,0.0316,0.0028
ALA-Al297-3991304,0.0007,0.0007,0.9206,0.0163,0.0617
ALA-Al299-3991305,0.0003,0.0003,0.9255,0.0644,0.0095
ALA-Al300-3991306,0.0394,0.0385,0.9039,0.0114,0.0068
ALA-Al301-3991307,0.0021,0.0021,0.8628,0.1231,0.0099
ALA-Al302-3991308,0.0021,0.0021,0.9758,0.0144,0.0056
ALA-Al303-3991309,0.0043,0.004,0.9183,0.0713,0.0021
ALA-Al304-3991310,0.0019,0.002,0.9659,0.0232,0.007
ALA-Al305-3991311,0.0091,0.0089,0.9593,0.0198,0.0029
ALA-Al306-3991312,0.0006,0.0006,0.9653,0.0252,0.0083
ALA-Al307-3991313,0.0004,0.0004,0.9287,0.0612,0.0093
ALA-Al308-3991314,0.0005,0.0006,0.9694,0.0181,0.0114
ALA-Al318-3991315,0.0025,0.0026,0.9617,0.0196,0.0136
ALA-Al319-3991316,0.0016,0.0016,0.9856,0.0079,0.0033
ALA-Al320-3991317,0.0014,0.0013,0.8716,0.1169,0.0088
ALA-Al321-3991414,0.0022,0.0021,0.9678,0.0259,0.002
ALA-Al324-3991415,0.0003,0.0003,0.9673,0.0268,0.0053
ALA-Al325-3991416,0.0248,0.0248,0.9347,0.0116,0.0041
ALA-Al326-3991417,0.0011,0.0012,0.9634,0.0283,0.006
ALA-Al327-3991418,0.0067,0.0065,0.9631,0.0173,0.0064
ALA-Al329-3991419,0.0031,0.0032,0.9656,0.0245,0.0036
ALA-Al331-3991420,0.0043,0.0041,0.978,0.0081,0.0055
ALA-Al333-3991421,0.0007,0.0008,0.9684,0.0203,0.0098
ALA-Al336-3991422,0.0083,0.0085,0.9608,0.019,0.0034
ALA-Al338-3991423,0.0001,0.0001,0.991,0.0056,0.0032
ALA-Al342-3991424,0.0002,0.0002,0.979,0.0156,0.005
ALA-Al344-3991425,0.0006,0.0007,0.9578,0.0186,0.0223
ALA-Al346-3991426,0.005,0.0049,0.9669,0.0116,0.0116
ALA-Al4-2562181,0.0036,0.0036,0.7344,0.2393,0.0191
ALA-KLS1661-4013402,0.0194,0.0179,0.0372,0.9082,0.0173
ALA-KLS1663-4013404,0.0093,0.0094,0.0742,0.8916,0.0155
ALA-KLS1664-4013405,0.0093,0.0093,0.0946,0.8812,0.0056
ALA-KLS1682-4013423,0.0045,0.0045,0.0101,0.9748,0.0061
ALA-KLS1690-4013430,0.0145,0.0145,0.0182,0.9257,0.0271
ALA-KLS1140-2892558,0.0117,0.0116,0.0321,0.9158,0.0288
ALA-KLS1161-2892441,0.0049,0.0048,0.1074,0.8798,0.0031
ALA-KLS1162-2892512,0.006,0.0061,0.0136,0.9343,0.04
ALA-KLS1163-2892427,0.0071,0.007,0.0555,0.9231,0.0073
ALA-KLS1165-2892485,0.0118,0.0112,0.2325,0.7375,0.0069
ALA-KLS1166-2892541,0.0066,0.0059,0.0468,0.9328,0.0079
ALA-KLS1167-2892484,0.0188,0.019,0.0127,0.9459,0.0036
ALA-KLS1168-2892413,0.0095,0.0083,0.1081,0.8712,0.0029
ALA-KLS1169-2892448,0.01,0.0096,0.1939,0.7769,0.0096
ALA-KLS1170-2892511,0.0116,0.0118,0.0658,0.8885,0.0223
ALA-KLS1366-3593364,0.0119,0.0119,0.025,0.9476,0.0036
ALA-KLS1373-3593328,0.0254,0.0239,0.0108,0.766,0.1739
ALA-KLS1387-3593387,0.0033,0.0033,0.1799,0.8065,0.007
ALA-KLS1413-3593365,0.0037,0.0034,0.0175,0.9724,0.003
ALA-KLS1415-3593359,0.0122,0.0127,0.0521,0.8963,0.0267
ALA-VU15-2892510,0.0106,0.0099,0.0091,0.9562,0.0142
ALA-VU20-2892394,0.0041,0.0039,0.0274,0.9609,0.0037
ALA-VU21-2892380,0.0075,0.0079,0.0884,0.8928,0.0033
ALA-VU33-2892383,0.0172,0.0166,0.0121,0.9231,0.031
ALA-VU37-2892482,0.0077,0.0075,0.1772,0.7895,0.0181
ALA-VU47-2892477,0.0026,0.0027,0.1481,0.8425,0.0041
ALA-VU50-2892527,0.0144,0.015,0.1477,0.8147,0.0083
ALA-KLS0793-2892513,0.0018,0.0019,0.0082,0.9823,0.0058
ALA-KLS0796-2892514,0.0084,0.0087,0.059,0.9102,0.0137
ALA-KLS0797-2892471,0.0089,0.0091,0.014,0.9585,0.0095
ALA-KLS0857-2892463,0.0139,0.0132,0.0105,0.9556,0.0068
ALA-KLS0871-2892523,0.0191,0.0189,0.0313,0.9212,0.0095
ALA-KLS0872-2892526,0.0035,0.0034,0.0109,0.9789,0.0033
ALA-KLS1444-3593398,0.0188,0.0185,0.0174,0.89,0.0553
ALA-KLS1448-3593341,0.0158,0.0176,0.0098,0.9535,0.0033
ALA-KLS1452-3593342,0.0037,0.0036,0.1085,0.8746,0.0096
ALA-KLS1467-3593390,0.0126,0.0122,0.056,0.9056,0.0136
ALA-KLS1474-3593384,0.012,0.0121,0.0421,0.926,0.0078
ALA-KLS1479-3593389,0.0083,0.0085,0.0356,0.9353,0.0123
ALA-KLS1492-3593391,0.0024,0.0023,0.026,0.9631,0.0062
APO-KLS1002-2562146,0.0111,0.0107,0.0313,0.9418,0.0051
ALA-MAGNT-R36654-2583996,0.0019,0.0016,0.0663,0.3106,0.6196
ALA-R29880-2892521,0.0018,0.0017,0.0335,0.3095,0.6535
ALA-R36967-2892426,0.0332,0.0337,0.1782,0.2382,0.5167
ALA-R36974-2892437,0.0323,0.0315,0.1106,0.0202,0.8053
ALA-R37003-2892459,0.0208,0.0195,0.0695,0.2652,0.625
ALA-R37010-2892460,0.0237,0.0258,0.0352,0.1435,0.7718
ALA-R37025-2892461,0.0148,0.0152,0.0707,0.1094,0.79
ALA-R37027-2892458,0.0173,0.017,0.0917,0.3378,0.5362
ALA-R37032-2892401,0.0003,0.0003,0.1478,0.1867,0.6649
ALA-R37034-2892486,0.0037,0.0039,0.1462,0.1234,0.7228
ALA-R37101-2892544,0.0053,0.0053,0.0159,0.4047,0.5688
ALA-R37113-2892490,0.1158,0.0844,0.0331,0.0981,0.6686
ALA-R37116-2892470,0.0025,0.0025,0.1703,0.1375,0.6873
ALA-R37122-2892464,0.0552,0.0532,0.0771,0.2385,0.576
ALA-R37128-2892424,0.0025,0.0025,0.1924,0.0717,0.7309
ALA-R37140-2892462,0.0054,0.0055,0.2999,0.0311,0.658
ALA-VU121-2562122,0.0086,0.0082,0.7771,0.1877,0.0184
ALA-VU130-2562201,0.0293,0.0287,0.2997,0.5818,0.0605
ALA-VU132-2562114,0.0033,0.0031,0.3597,0.5943,0.0396
ALA-NC_2019_217-2117818,0.0,0.0,0.0022,0.0022,0.9956
ALA-NC_2019_247-2117816,0.0,0.0,0.0023,0.0029,0.9948
ALA-NC_Jan2019_208-2562133,0.0,0.0,0.0022,0.0023,0.9955
ALA-NC_Jan2019_213-2892489,0.0001,0.0002,0.0083,0.0066,0.9848
ALA-NC_Jan2019_217-2892446,0.0001,0.0001,0.0022,0.0026,0.995
ALA-NC_Jan2019_227-2892537,0.0007,0.0007,0.0058,0.0347,0.9581
ALA-NC_Jan2019_247-2892476,0.0,0.0,0.0024,0.0026,0.995
ALA-NC_Jan2019_253-3446972,0.0257,0.0244,0.0024,0.0025,0.945
ALA-NC_Jan2019_269-3446978,0.0275,0.0258,0.0051,0.006,0.9356
ALA-NC_Jan2019_271-2892518,0.0005,0.0005,0.0112,0.0118,0.976
ALA-NC_Jan2019_275-3446981,0.0107,0.0109,0.002,0.0021,0.9743
ALA-NC_Jan2019_282-2562143,0.0,0.0,0.0019,0.0023,0.9958
ALA-Al376-3991427,0.0022,0.0022,0.1567,0.2331,0.6058
ALA-Al377-3991428,0.0037,0.0032,0.1079,0.1313,0.7539
ALA-Al378-3991429,0.0009,0.0009,0.2377,0.1376,0.623
ALA-Al379-3991430,0.0034,0.0034,0.1506,0.2251,0.6174
ALA-KLS0564-R174540-2892378,0.0098,0.0094,0.0098,0.932,0.039
ALA-KLS1526-3593366,0.0087,0.0092,0.088,0.8913,0.0028
ALA-KLS1548-3593373,0.0125,0.012,0.046,0.9249,0.0046
ALA-KLS1549-3593354,0.0185,0.0173,0.0188,0.9386,0.0068
ALA-KLS1555-3593323,0.0085,0.0092,0.0103,0.9644,0.0076
ALA-SS170808-01-2562218,0.0069,0.0074,0.0065,0.9768,0.0024
ALA-SS170808-06-2892529,0.0102,0.0101,0.0541,0.921,0.0046
ALA-SS170809-01-2892375,0.0142,0.015,0.0083,0.9586,0.0039
ALA-SS170809-03-2892475,0.008,0.0083,0.0783,0.8969,0.0085
ALA-SS170810-01-2892386,0.0081,0.008,0.0165,0.9609,0.0065
ALA-SS170813-01-2892422,0.0039,0.0036,0.0366,0.9475,0.0084
ALA-SS170815-01-2892435,0.007,0.0068,0.2302,0.745,0.011
ALA-SS170815-03-2892473,0.0145,0.0146,0.0251,0.9407,0.0051
ALA-SS170815-04-2892440,0.0225,0.0227,0.0208,0.9228,0.0112
ALA-SS170816-01-2892493,0.017,0.0169,0.0247,0.9366,0.0048
ALA-SS170820-05-2892447,0.0254,0.0251,0.0428,0.8952,0.0115
ALA-SS170822-01-2892494,0.0118,0.0117,0.0328,0.9375,0.0062
ALA-SS170822-02-2892495,0.0312,0.0288,0.0065,0.9304,0.0031
ALA-SS170822-03-2892528,0.0157,0.0166,0.0528,0.9085,0.0064
ALA-SS171011-02-2892425,0.0133,0.0132,0.0473,0.917,0.0092
ALA-SS171011-03-2892496,0.0129,0.013,0.1285,0.8245,0.0211
ALA-SS171018-02-2892517,0.0141,0.0138,0.0096,0.959,0.0035
ALA-SS171025-01-2892506,0.0143,0.0141,0.0118,0.9418,0.018
ALA-SS171104-01-2892432,0.0021,0.002,0.064,0.9202,0.0117
ALA-SS171105-01-2892472,0.0114,0.0113,0.0227,0.948,0.0066
ALA-SS171106-02-2892479,0.0024,0.0024,0.1782,0.8015,0.0155
ALA-SS171106-03-2892404,0.0006,0.0006,0.2175,0.777,0.0043
ALA-VU51-2892500,0.004,0.0039,0.0677,0.9081,0.0163
ALA-VU53-2892376,0.004,0.004,0.0417,0.9385,0.0118
ALA-VU62-2892417,0.014,0.0128,0.1552,0.8013,0.0167
ALA-KLS0327-2892561,0.001,0.0009,0.9609,0.0245,0.0127
APO-BD304-2892487,0.0193,0.0183,0.0248,0.934,0.0036
APO-BD320-2892516,0.0088,0.0091,0.0291,0.9459,0.0071
APO-BD325-2892538,0.0084,0.0087,0.0953,0.8731,0.0145
APO-BD326-2892550,0.0037,0.0032,0.0626,0.9086,0.0219
APO-BD330-2892535,0.0045,0.005,0.0112,0.9747,0.0046
APO-BD331-2892519,0.0093,0.0101,0.0223,0.948,0.0103
APO-BD337-2892483,0.0043,0.004,0.0043,0.9842,0.0032
APO-BD338-2892540,0.0097,0.0088,0.0174,0.962,0.0021
APO-BD339-2892520,0.008,0.0082,0.095,0.8859,0.0029
APO-BD342-2892423,0.0131,0.0126,0.0411,0.9284,0.0048
