,0,1,2,3,4
ALA-AL402-3991433,0.9699,0.0016,0.0016,0.0209,0.006
ALA-AL403-3991434,0.9228,0.0019,0.0017,0.0548,0.0188
ALA-AL405-3991436,0.9461,0.0028,0.0028,0.0405,0.0078
ALA-AL406-3991437,0.9395,0.0003,0.0003,0.0497,0.0102
ALA-AL407-3991438,0.9734,0.0005,0.0006,0.0226,0.0029
ALA-AL408-3991439,0.7766,0.0005,0.0006,0.1563,0.066
ALA-AL409-3991440,0.954,0.0013,0.0013,0.0264,0.017
ALA-AL410-3991441,0.9738,0.0013,0.0015,0.0205,0.0029
ALA-AL411-3991442,0.949,0.0024,0.0024,0.0156,0.0306
ALA-AL412-3991443,0.921,0.0011,0.0011,0.0676,0.0092
ALA-AL413-3991444,0.9623,0.0011,0.0011,0.0309,0.0046
ALA-AL414-3991445,0.8893,0.0011,0.0011,0.1063,0.0022
ALA-AL415-3991446,0.8836,0.0016,0.0013,0.1096,0.0039
ALA-AL416-3991447,0.9663,0.0043,0.0042,0.0153,0.0099
ALA-AL417-3991448,0.928,0.0036,0.0033,0.0513,0.0138
ALA-AL418-3991449,0.9314,0.0015,0.0015,0.063,0.0026
ALA-AL419-3991450,0.8557,0.0036,0.0038,0.1142,0.0227
ALA-AL420-3991451,0.9207,0.0057,0.0052,0.0481,0.0203
ALA-AL422-3991452,0.9672,0.0012,0.0013,0.024,0.0063
ALA-AL423-3991453,0.9299,0.001,0.001,0.0533,0.0148
ALA-AL424-4013486,0.8003,0.0436,0.0451,0.1016,0.0094
ALA-AL425-3991454,0.878,0.0014,0.0015,0.1029,0.0162
ALA-AL426-3991455,0.9654,0.0006,0.0007,0.0242,0.0091
ALA-AL427-3991456,0.9648,0.001,0.0008,0.0186,0.0148
ALA-AL429-3991457,0.9253,0.0025,0.0024,0.067,0.0028
ALA-AL430-3991458,0.9641,0.0012,0.0013,0.0279,0.0055
ALA-AL431-3991459,0.8277,0.0011,0.0011,0.1594,0.0107
ALA-AL432-3991460,0.9642,0.001,0.001,0.0309,0.0029
ALA-AL433-3991461,0.9452,0.0009,0.0009,0.0508,0.0022
ALA-AL434-3991462,0.9715,0.0021,0.0021,0.0158,0.0085
ALA-AL435-3991463,0.9706,0.0063,0.0064,0.0138,0.0029
ALA-AL436-3991464,0.9687,0.001,0.001,0.023,0.0063
ALA-AL437-3991465,0.9365,0.0144,0.015,0.0194,0.0147
ALA-AL439-3991466,0.9435,0.0044,0.0043,0.0436,0.0042
ALA-AL440-3991467,0.8866,0.0398,0.042,0.0248,0.0068
ALA-AL441-3991468,0.7462,0.0159,0.0144,0.2185,0.005
ALA-AL442-3991469,0.9568,0.0008,0.0008,0.0375,0.0041
ALA-Al003-3991431,0.9571,0.0014,0.0016,0.0213,0.0186
ALA-Al272-3991284,0.9552,0.0029,0.0028,0.0322,0.0069
ALA-Al274-3991285,0.9807,0.0024,0.0026,0.0101,0.0042
ALA-Al275-3991286,0.9361,0.0089,0.0085,0.0409,0.0056
ALA-Al277-3991287,0.8954,0.0003,0.0003,0.0999,0.0041
ALA-Al278-3991288,0.9056,0.0011,0.001,0.0847,0.0076
ALA-Al279-3991289,0.9179,0.0046,0.0047,0.0687,0.0041
ALA-Al280-3991290,0.9707,0.0011,0.0012,0.0191,0.0079
ALA-Al281-3991291,0.7079,0.0005,0.0005,0.2754,0.0157
ALA-Al282-3991292,0.9522,0.0058,0.0057,0.0262,0.0101
ALA-Al283-3991293,0.872,0.0015,0.0015,0.0951,0.0299
ALA-Al285-3991294,0.855,0.001,0.0011,0.1076,0.0353
ALA-Al286-3991295,0.7517,0.0008,0.0007,0.2248,0.022
ALA-Al287-3991296,0.9074,0.0005,0.0006,0.0862,0.0053
ALA-Al288-3991297,0.9366,0.0033,0.0035,0.0477,0.0089
ALA-Al290-3991298,0.9434,0.0038,0.0038,0.0431,0.0059
ALA-Al291-3991299,0.835,0.0074,0.0076,0.1163,0.0337
ALA-Al292-3991300,0.8906,0.0007,0.0007,0.0963,0.0117
ALA-Al293-3991301,0.9677,0.0059,0.006,0.013,0.0074
ALA-Al295-3991302,0.9693,0.0011,0.0011,0.0097,0.0188
ALA-Al296-3991303,0.9475,0.001,0.0009,0.0458,0.0048
ALA-Al297-3991304,0.9062,0.0008,0.0009,0.0204,0.0716
ALA-Al299-3991305,0.8519,0.0003,0.0003,0.138,0.0095
ALA-Al300-3991306,0.908,0.0369,0.0397,0.0099,0.0055
ALA-Al301-3991307,0.8454,0.0018,0.0018,0.1449,0.0061
ALA-Al302-3991308,0.9728,0.0012,0.0013,0.021,0.0037
ALA-Al303-3991309,0.868,0.0047,0.0045,0.1203,0.0025
ALA-Al304-3991310,0.9411,0.0013,0.0013,0.0433,0.013
ALA-Al305-3991311,0.9662,0.0093,0.0092,0.0113,0.004
ALA-Al306-3991312,0.9159,0.0011,0.001,0.072,0.01
ALA-Al307-3991313,0.8883,0.0002,0.0002,0.0893,0.022
ALA-Al308-3991314,0.9322,0.001,0.0011,0.0383,0.0274
ALA-Al318-3991315,0.9429,0.0021,0.0018,0.0377,0.0155
ALA-Al319-3991316,0.9703,0.0034,0.0031,0.021,0.0022
ALA-Al320-3991317,0.8786,0.0009,0.0009,0.1161,0.0035
ALA-Al321-3991414,0.9311,0.0011,0.0011,0.0633,0.0034
ALA-Al324-3991415,0.9563,0.0033,0.0031,0.0339,0.0034
ALA-Al325-3991416,0.9337,0.0228,0.0218,0.0143,0.0074
ALA-Al326-3991417,0.9389,0.0026,0.0026,0.0466,0.0093
ALA-Al327-3991418,0.9466,0.0099,0.0094,0.0285,0.0056
ALA-Al329-3991419,0.9776,0.0027,0.0026,0.0068,0.0103
ALA-Al331-3991420,0.984,0.0015,0.0014,0.0085,0.0046
ALA-Al333-3991421,0.983,0.0008,0.001,0.01,0.0052
ALA-Al336-3991422,0.9425,0.0059,0.006,0.041,0.0046
ALA-Al338-3991423,0.9272,0.0004,0.0004,0.067,0.005
ALA-Al342-3991424,0.9631,0.0,0.0001,0.0329,0.0039
ALA-Al344-3991425,0.9599,0.0017,0.0017,0.0091,0.0276
ALA-Al346-3991426,0.9767,0.0014,0.0014,0.0116,0.0089
ALA-Al4-2562181,0.8646,0.0026,0.0027,0.1196,0.0105
ALA-KLS1661-4013402,0.1021,0.0167,0.0168,0.855,0.0094
ALA-KLS1663-4013404,0.108,0.0121,0.0116,0.8494,0.0189
ALA-KLS1664-4013405,0.0919,0.0121,0.0126,0.8751,0.0083
ALA-KLS1682-4013423,0.0123,0.0095,0.0094,0.9638,0.005
ALA-KLS1690-4013430,0.034,0.0181,0.0176,0.9193,0.011
ALA-KLS1140-2892558,0.1386,0.0194,0.0183,0.8007,0.023
ALA-KLS1161-2892441,0.0918,0.0116,0.012,0.8796,0.005
ALA-KLS1162-2892512,0.0128,0.0124,0.012,0.9348,0.028
ALA-KLS1163-2892427,0.0519,0.0151,0.0141,0.9123,0.0066
ALA-KLS1165-2892485,0.2227,0.0093,0.0091,0.7534,0.0055
ALA-KLS1166-2892541,0.0573,0.0087,0.0086,0.921,0.0044
ALA-KLS1167-2892484,0.022,0.0195,0.0194,0.935,0.0041
ALA-KLS1168-2892413,0.1625,0.0114,0.012,0.8111,0.003
ALA-KLS1169-2892448,0.0851,0.0144,0.0131,0.8504,0.037
ALA-KLS1170-2892511,0.0956,0.015,0.0157,0.8603,0.0134
ALA-KLS1366-3593364,0.0444,0.0145,0.0159,0.92,0.0052
ALA-KLS1373-3593328,0.0126,0.0245,0.0251,0.8473,0.0905
ALA-KLS1387-3593387,0.1143,0.0112,0.011,0.852,0.0115
ALA-KLS1413-3593365,0.0339,0.0085,0.0093,0.9459,0.0024
ALA-KLS1415-3593359,0.0383,0.0158,0.0161,0.9054,0.0244
ALA-VU15-2892510,0.013,0.01,0.0102,0.9456,0.0212
ALA-VU20-2892394,0.0202,0.006,0.0059,0.9575,0.0104
ALA-VU21-2892380,0.0375,0.0124,0.0125,0.9334,0.0042
ALA-VU33-2892383,0.0063,0.0144,0.0156,0.9462,0.0175
ALA-VU37-2892482,0.0971,0.0149,0.0161,0.8517,0.0202
ALA-VU47-2892477,0.1037,0.01,0.0095,0.8731,0.0037
ALA-VU50-2892527,0.0939,0.0121,0.0123,0.869,0.0127
ALA-KLS0793-2892513,0.019,0.005,0.0049,0.9648,0.0063
ALA-KLS0796-2892514,0.0516,0.0156,0.015,0.8929,0.0249
ALA-KLS0797-2892471,0.006,0.0147,0.0166,0.9545,0.0082
ALA-KLS0857-2892463,0.0048,0.0133,0.015,0.9567,0.0102
ALA-KLS0871-2892523,0.0113,0.0206,0.0215,0.9402,0.0064
ALA-KLS0872-2892526,0.0452,0.0103,0.01,0.9304,0.0041
ALA-KLS1444-3593398,0.0307,0.0159,0.0146,0.9132,0.0256
ALA-KLS1448-3593341,0.0062,0.0168,0.0166,0.9518,0.0086
ALA-KLS1452-3593342,0.1048,0.0089,0.0095,0.8562,0.0206
ALA-KLS1467-3593390,0.0123,0.0137,0.014,0.9466,0.0134
ALA-KLS1474-3593384,0.0264,0.0105,0.0106,0.9406,0.0119
ALA-KLS1479-3593389,0.1098,0.015,0.0154,0.8518,0.008
ALA-KLS1492-3593391,0.0117,0.0117,0.0117,0.9604,0.0045
APO-KLS1002-2562146,0.0608,0.015,0.015,0.9034,0.0058
ALA-MAGNT-R36654-2583996,0.0323,0.0024,0.0023,0.3918,0.5712
ALA-R29880-2892521,0.0771,0.0035,0.0035,0.2913,0.6246
ALA-R36967-2892426,0.0253,0.0373,0.0333,0.4292,0.475
ALA-R36974-2892437,0.2401,0.0399,0.0403,0.0755,0.6042
ALA-R37003-2892459,0.0186,0.0192,0.02,0.3839,0.5583
ALA-R37010-2892460,0.0119,0.0247,0.0242,0.2976,0.6416
ALA-R37025-2892461,0.1079,0.0191,0.0181,0.1608,0.6941
ALA-R37027-2892458,0.0268,0.0185,0.0181,0.3475,0.5891
ALA-R37032-2892401,0.0912,0.0025,0.0022,0.2579,0.6462
ALA-R37034-2892486,0.0572,0.0051,0.0047,0.3962,0.5368
ALA-R37101-2892544,0.0148,0.0054,0.0056,0.3875,0.5867
ALA-R37113-2892490,0.0234,0.1058,0.0756,0.1378,0.6575
ALA-R37116-2892470,0.0899,0.0072,0.0074,0.3052,0.5903
ALA-R37122-2892464,0.0383,0.04,0.0388,0.2753,0.6076
ALA-R37128-2892424,0.1551,0.0076,0.0075,0.0836,0.7461
ALA-R37140-2892462,0.082,0.0066,0.0063,0.3534,0.5517
ALA-VU121-2562122,0.479,0.0094,0.0092,0.4853,0.0171
ALA-VU130-2562201,0.2972,0.0301,0.0275,0.5725,0.0727
ALA-VU132-2562114,0.2534,0.0093,0.0086,0.6974,0.0313
ALA-NC_2019_217-2117818,0.0025,0.0,0.0,0.0032,0.9943
ALA-NC_2019_247-2117816,0.0017,0.0,0.0,0.002,0.9963
ALA-NC_Jan2019_208-2562133,0.0026,0.0,0.0,0.0035,0.9939
ALA-NC_Jan2019_213-2892489,0.0138,0.0009,0.0009,0.0284,0.956
ALA-NC_Jan2019_217-2892446,0.0024,0.0,0.0,0.0035,0.9941
ALA-NC_Jan2019_227-2892537,0.0171,0.0005,0.0003,0.0641,0.918
ALA-NC_Jan2019_247-2892476,0.0018,0.0,0.0,0.0021,0.9961
ALA-NC_Jan2019_253-3446972,0.0043,0.0275,0.0303,0.0061,0.9318
ALA-NC_Jan2019_269-3446978,0.0081,0.0338,0.0337,0.0176,0.9068
ALA-NC_Jan2019_271-2892518,0.0196,0.0003,0.0003,0.0216,0.9582
ALA-NC_Jan2019_275-3446981,0.0017,0.0142,0.0155,0.002,0.9666
ALA-NC_Jan2019_282-2562143,0.0039,0.0008,0.0009,0.0088,0.9856
ALA-Al376-3991427,0.1411,0.0016,0.0017,0.3121,0.5435
ALA-Al377-3991428,0.1818,0.0042,0.004,0.1302,0.6798
ALA-Al378-3991429,0.1698,0.001,0.0011,0.221,0.607
ALA-Al379-3991430,0.1783,0.0027,0.0029,0.2497,0.5664
ALA-KLS0564-R174540-2892378,0.0259,0.0185,0.0176,0.8971,0.041
ALA-KLS1526-3593366,0.0519,0.0171,0.0177,0.9106,0.0027
ALA-KLS1548-3593373,0.0681,0.0169,0.0163,0.8939,0.0048
ALA-KLS1549-3593354,0.046,0.0177,0.0169,0.9113,0.0081
ALA-KLS1555-3593323,0.0389,0.0141,0.0149,0.9237,0.0084
ALA-SS170808-01-2562218,0.0088,0.0102,0.0098,0.967,0.0042
ALA-SS170808-06-2892529,0.0265,0.0131,0.0139,0.9412,0.0053
ALA-SS170809-01-2892375,0.0164,0.011,0.0109,0.9569,0.0048
ALA-SS170809-03-2892475,0.0142,0.0167,0.0185,0.9426,0.008
ALA-SS170810-01-2892386,0.0139,0.0123,0.0131,0.9516,0.0091
ALA-SS170813-01-2892422,0.06,0.0135,0.0133,0.9039,0.0093
ALA-SS170815-01-2892435,0.0589,0.0118,0.0117,0.9122,0.0055
ALA-SS170815-03-2892473,0.0307,0.0195,0.0195,0.9239,0.0064
ALA-SS170815-04-2892440,0.0368,0.022,0.0214,0.9135,0.0063
ALA-SS170816-01-2892493,0.0111,0.0099,0.0097,0.9609,0.0084
ALA-SS170820-05-2892447,0.0793,0.0235,0.0255,0.8539,0.0178
ALA-SS170822-01-2892494,0.0233,0.0196,0.0203,0.9259,0.0109
ALA-SS170822-02-2892495,0.01,0.0279,0.0267,0.9302,0.0052
ALA-SS170822-03-2892528,0.0366,0.0166,0.0178,0.9252,0.0038
ALA-SS171011-02-2892425,0.0556,0.0184,0.0182,0.8948,0.013
ALA-SS171011-03-2892496,0.0523,0.0177,0.0172,0.9074,0.0054
ALA-SS171018-02-2892517,0.0068,0.0146,0.0146,0.9602,0.0038
ALA-SS171025-01-2892506,0.013,0.0183,0.0165,0.9308,0.0214
ALA-SS171104-01-2892432,0.114,0.0069,0.0071,0.8546,0.0174
ALA-SS171105-01-2892472,0.0123,0.0092,0.0084,0.9667,0.0034
ALA-SS171106-02-2892479,0.0722,0.0113,0.0107,0.8989,0.0069
ALA-SS171106-03-2892404,0.1495,0.0083,0.0079,0.8301,0.0043
ALA-VU51-2892500,0.0333,0.009,0.009,0.936,0.0127
ALA-VU53-2892376,0.0343,0.0102,0.0107,0.9209,0.0239
ALA-VU62-2892417,0.0889,0.0145,0.0152,0.8598,0.0215
ALA-KLS0327-2892561,0.8405,0.0067,0.0068,0.1025,0.0435
APO-BD304-2892487,0.0456,0.0174,0.0168,0.9139,0.0063
APO-BD320-2892516,0.0083,0.011,0.0113,0.9661,0.0033
APO-BD325-2892538,0.0117,0.0055,0.0057,0.9675,0.0096
APO-BD326-2892550,0.079,0.0099,0.0098,0.8964,0.0049
APO-BD330-2892535,0.0039,0.0078,0.0076,0.9773,0.0034
APO-BD331-2892519,0.0091,0.0129,0.0119,0.9599,0.0062
APO-BD337-2892483,0.0049,0.0071,0.0073,0.9762,0.0045
APO-BD338-2892540,0.0119,0.0134,0.0146,0.958,0.0021
APO-BD339-2892520,0.0363,0.0094,0.0098,0.9415,0.003
APO-BD342-2892423,0.0165,0.0213,0.022,0.9364,0.0038
