,0,1,2
ALA-AL402-3991433,0.0128,0.0034,0.9838
ALA-AL403-3991434,0.0407,0.0085,0.9508
ALA-AL405-3991436,0.0284,0.0055,0.9661
ALA-AL406-3991437,0.0189,0.0079,0.9732
ALA-AL407-3991438,0.0118,0.0028,0.9854
ALA-AL408-3991439,0.0457,0.0347,0.9196
ALA-AL409-3991440,0.0088,0.0102,0.981
ALA-AL410-3991441,0.0092,0.0025,0.9883
ALA-AL411-3991442,0.0082,0.0142,0.9776
ALA-AL412-3991443,0.0222,0.0046,0.9732
ALA-AL413-3991444,0.0138,0.0038,0.9824
ALA-AL414-3991445,0.0176,0.0034,0.979
ALA-AL415-3991446,0.0332,0.0036,0.9632
ALA-AL416-3991447,0.0245,0.0159,0.9596
ALA-AL417-3991448,0.0332,0.0127,0.9541
ALA-AL418-3991449,0.0154,0.0023,0.9823
ALA-AL419-3991450,0.0476,0.0234,0.929
ALA-AL420-3991451,0.0375,0.0141,0.9484
ALA-AL422-3991452,0.0108,0.0046,0.9846
ALA-AL423-3991453,0.0181,0.0089,0.973
ALA-AL424-4013486,0.1648,0.1781,0.6571
ALA-AL425-3991454,0.0352,0.0126,0.9522
ALA-AL426-3991455,0.0068,0.0054,0.9878
ALA-AL427-3991456,0.0075,0.0051,0.9874
ALA-AL429-3991457,0.0685,0.0025,0.929
ALA-AL430-3991458,0.011,0.0035,0.9855
ALA-AL431-3991459,0.0475,0.0073,0.9452
ALA-AL432-3991460,0.0133,0.0025,0.9842
ALA-AL433-3991461,0.0276,0.0023,0.9701
ALA-AL434-3991462,0.0061,0.003,0.9909
ALA-AL435-3991463,0.0196,0.0032,0.9772
ALA-AL436-3991464,0.0115,0.0034,0.9851
ALA-AL437-3991465,0.0244,0.0428,0.9328
ALA-AL439-3991466,0.0294,0.0049,0.9657
ALA-AL440-3991467,0.0472,0.1351,0.8177
ALA-AL441-3991468,0.2716,0.0059,0.7225
ALA-AL442-3991469,0.0121,0.0049,0.983
ALA-Al003-3991431,0.0182,0.027,0.9548
ALA-Al272-3991284,0.0156,0.0056,0.9788
ALA-Al274-3991285,0.007,0.0034,0.9896
ALA-Al275-3991286,0.0367,0.0055,0.9578
ALA-Al277-3991287,0.0819,0.0028,0.9153
ALA-Al278-3991288,0.0232,0.0044,0.9724
ALA-Al279-3991289,0.0732,0.0032,0.9236
ALA-Al280-3991290,0.0096,0.0078,0.9826
ALA-Al281-3991291,0.0822,0.0074,0.9104
ALA-Al282-3991292,0.0155,0.0074,0.9771
ALA-Al283-3991293,0.0286,0.0091,0.9623
ALA-Al285-3991294,0.0541,0.0194,0.9265
ALA-Al286-3991295,0.0927,0.0313,0.876
ALA-Al287-3991296,0.0241,0.005,0.9709
ALA-Al288-3991297,0.0511,0.0066,0.9423
ALA-Al290-3991298,0.0244,0.0042,0.9714
ALA-Al291-3991299,0.1271,0.0193,0.8536
ALA-Al292-3991300,0.041,0.0069,0.9521
ALA-Al293-3991301,0.0262,0.0089,0.9649
ALA-Al295-3991302,0.0086,0.0176,0.9738
ALA-Al296-3991303,0.0141,0.0029,0.983
ALA-Al297-3991304,0.0073,0.0329,0.9598
ALA-Al299-3991305,0.024,0.0053,0.9707
ALA-Al300-3991306,0.0837,0.0475,0.8688
ALA-Al301-3991307,0.0498,0.0049,0.9453
ALA-Al302-3991308,0.0061,0.0028,0.9911
ALA-Al303-3991309,0.0982,0.0023,0.8995
ALA-Al304-3991310,0.0126,0.0122,0.9752
ALA-Al305-3991311,0.0294,0.0053,0.9653
ALA-Al306-3991312,0.053,0.0067,0.9403
ALA-Al307-3991313,0.0203,0.0094,0.9703
ALA-Al308-3991314,0.0253,0.0154,0.9593
ALA-Al318-3991315,0.0371,0.0099,0.953
ALA-Al319-3991316,0.0228,0.0024,0.9748
ALA-Al320-3991317,0.0647,0.0058,0.9295
ALA-Al321-3991414,0.0192,0.0036,0.9772
ALA-Al324-3991415,0.0165,0.0032,0.9803
ALA-Al325-3991416,0.0292,0.0311,0.9397
ALA-Al326-3991417,0.0176,0.0052,0.9772
ALA-Al327-3991418,0.0217,0.0072,0.9711
ALA-Al329-3991419,0.0059,0.0063,0.9878
ALA-Al331-3991420,0.0078,0.0058,0.9864
ALA-Al333-3991421,0.0046,0.0034,0.992
ALA-Al336-3991422,0.0473,0.0036,0.9491
ALA-Al338-3991423,0.018,0.0061,0.9759
ALA-Al342-3991424,0.0088,0.0031,0.9881
ALA-Al344-3991425,0.0082,0.0086,0.9832
ALA-Al346-3991426,0.0128,0.0062,0.981
ALA-Al4-2562181,0.083,0.0136,0.9034
ALA-KLS1661-4013402,0.7996,0.0089,0.1915
ALA-KLS1663-4013404,0.7725,0.0115,0.216
ALA-KLS1664-4013405,0.7761,0.006,0.2179
ALA-KLS1682-4013423,0.8657,0.0056,0.1287
ALA-KLS1690-4013430,0.8591,0.0112,0.1297
ALA-KLS1140-2892558,0.6837,0.0318,0.2845
ALA-KLS1161-2892441,0.7385,0.0079,0.2536
ALA-KLS1162-2892512,0.8631,0.0132,0.1237
ALA-KLS1163-2892427,0.7723,0.0092,0.2185
ALA-KLS1165-2892485,0.6236,0.006,0.3704
ALA-KLS1166-2892541,0.8124,0.0039,0.1837
ALA-KLS1167-2892484,0.8482,0.005,0.1468
ALA-KLS1168-2892413,0.7339,0.0065,0.2596
ALA-KLS1169-2892448,0.7224,0.0532,0.2244
ALA-KLS1170-2892511,0.716,0.0084,0.2756
ALA-KLS1366-3593364,0.8076,0.0041,0.1883
ALA-KLS1373-3593328,0.7483,0.1233,0.1284
ALA-KLS1387-3593387,0.7959,0.01,0.1941
ALA-KLS1413-3593365,0.7846,0.0026,0.2128
ALA-KLS1415-3593359,0.7833,0.0213,0.1954
ALA-VU15-2892510,0.8406,0.0213,0.1381
ALA-VU20-2892394,0.8369,0.0164,0.1467
ALA-VU21-2892380,0.8649,0.0035,0.1316
ALA-VU33-2892383,0.8628,0.0197,0.1175
ALA-VU37-2892482,0.6888,0.0136,0.2976
ALA-VU47-2892477,0.8279,0.0052,0.1669
ALA-VU50-2892527,0.7285,0.0099,0.2616
ALA-KLS0793-2892513,0.8712,0.0061,0.1227
ALA-KLS0796-2892514,0.7993,0.0143,0.1864
ALA-KLS0797-2892471,0.873,0.0129,0.1141
ALA-KLS0857-2892463,0.8847,0.0113,0.104
ALA-KLS0871-2892523,0.8672,0.0109,0.1219
ALA-KLS0872-2892526,0.8599,0.0044,0.1357
ALA-KLS1444-3593398,0.8138,0.0196,0.1666
ALA-KLS1448-3593341,0.875,0.021,0.104
ALA-KLS1452-3593342,0.7486,0.0104,0.241
ALA-KLS1467-3593390,0.8789,0.0123,0.1088
ALA-KLS1474-3593384,0.8662,0.0131,0.1207
ALA-KLS1479-3593389,0.7019,0.0043,0.2938
ALA-KLS1492-3593391,0.8868,0.0054,0.1078
APO-KLS1002-2562146,0.8314,0.0073,0.1613
ALA-MAGNT-R36654-2583996,0.2835,0.6214,0.0951
ALA-R29880-2892521,0.0826,0.6648,0.2526
ALA-R36967-2892426,0.2282,0.6519,0.1199
ALA-R36974-2892437,0.0382,0.8362,0.1256
ALA-R37003-2892459,0.2964,0.6295,0.074
ALA-R37010-2892460,0.1334,0.7825,0.0841
ALA-R37025-2892461,0.0417,0.7615,0.1967
ALA-R37027-2892458,0.2402,0.6733,0.0865
ALA-R37032-2892401,0.0741,0.6622,0.2637
ALA-R37034-2892486,0.124,0.6116,0.2644
ALA-R37101-2892544,0.3136,0.6071,0.0793
ALA-R37113-2892490,0.1615,0.8176,0.0209
ALA-R37116-2892470,0.1701,0.6601,0.1698
ALA-R37122-2892464,0.1931,0.735,0.0719
ALA-R37128-2892424,0.0124,0.7894,0.1982
ALA-R37140-2892462,0.1244,0.6033,0.2723
ALA-VU121-2562122,0.3775,0.02,0.6025
ALA-VU130-2562201,0.487,0.1627,0.3503
ALA-VU132-2562114,0.557,0.0256,0.4174
ALA-NC_2019_217-2117818,0.0027,0.994,0.0033
ALA-NC_2019_247-2117816,0.002,0.9956,0.0024
ALA-NC_Jan2019_208-2562133,0.003,0.9935,0.0035
ALA-NC_Jan2019_213-2892489,0.0077,0.9751,0.0172
ALA-NC_Jan2019_217-2892446,0.0027,0.9935,0.0038
ALA-NC_Jan2019_227-2892537,0.0207,0.9556,0.0237
ALA-NC_Jan2019_247-2892476,0.0019,0.9956,0.0025
ALA-NC_Jan2019_253-3446972,0.007,0.9895,0.0035
ALA-NC_Jan2019_269-3446978,0.0118,0.9784,0.0098
ALA-NC_Jan2019_271-2892518,0.0039,0.9898,0.0063
ALA-NC_Jan2019_275-3446981,0.0034,0.9949,0.0017
ALA-NC_Jan2019_282-2562143,0.0041,0.9928,0.0031
ALA-Al376-3991427,0.1364,0.5395,0.3241
ALA-Al377-3991428,0.028,0.7313,0.2407
ALA-Al378-3991429,0.0374,0.5975,0.3651
ALA-Al379-3991430,0.0584,0.5909,0.3507
ALA-KLS0564-R174540-2892378,0.7796,0.0445,0.1759
ALA-KLS1526-3593366,0.7404,0.0049,0.2547
ALA-KLS1548-3593373,0.7799,0.0052,0.2149
ALA-KLS1549-3593354,0.8298,0.0135,0.1567
ALA-KLS1555-3593323,0.8086,0.0059,0.1855
ALA-SS170808-01-2562218,0.8913,0.0028,0.1059
ALA-SS170808-06-2892529,0.8627,0.0053,0.132
ALA-SS170809-01-2892375,0.841,0.0052,0.1538
ALA-SS170809-03-2892475,0.8568,0.0062,0.137
ALA-SS170810-01-2892386,0.8492,0.0121,0.1387
ALA-SS170813-01-2892422,0.7503,0.0183,0.2314
ALA-SS170815-01-2892435,0.8031,0.0052,0.1917
ALA-SS170815-03-2892473,0.8422,0.0067,0.1511
ALA-SS170815-04-2892440,0.8046,0.007,0.1884
ALA-SS170816-01-2892493,0.8811,0.0064,0.1125
ALA-SS170820-05-2892447,0.7436,0.0116,0.2448
ALA-SS170822-01-2892494,0.8697,0.0092,0.1211
ALA-SS170822-02-2892495,0.8794,0.0146,0.106
ALA-SS170822-03-2892528,0.8457,0.0034,0.1509
ALA-SS171011-02-2892425,0.8004,0.0148,0.1848
ALA-SS171011-03-2892496,0.7542,0.0088,0.237
ALA-SS171018-02-2892517,0.8873,0.0029,0.1098
ALA-SS171025-01-2892506,0.8167,0.0437,0.1396
ALA-SS171104-01-2892432,0.8099,0.0084,0.1817
ALA-SS171105-01-2892472,0.8818,0.0051,0.1131
ALA-SS171106-02-2892479,0.8252,0.0156,0.1592
ALA-SS171106-03-2892404,0.6807,0.0034,0.3159
ALA-VU51-2892500,0.8321,0.0093,0.1586
ALA-VU53-2892376,0.8374,0.0203,0.1423
ALA-VU62-2892417,0.7241,0.0162,0.2597
ALA-KLS0327-2892561,0.1116,0.0536,0.8348
APO-BD304-2892487,0.8659,0.0058,0.1283
APO-BD320-2892516,0.8667,0.0045,0.1288
APO-BD325-2892538,0.879,0.0069,0.1141
APO-BD326-2892550,0.8195,0.0061,0.1744
APO-BD330-2892535,0.8936,0.0035,0.1029
APO-BD331-2892519,0.8925,0.0052,0.1023
APO-BD337-2892483,0.8925,0.0047,0.1028
APO-BD338-2892540,0.8883,0.0023,0.1094
APO-BD339-2892520,0.8611,0.0029,0.136
APO-BD342-2892423,0.8497,0.0091,0.1412
