,0,1,2,3
HMA-KLS0629-2117699,0.0092,0.0085,0.8484,0.1339
HMA-KLS0630-2117717,0.0081,0.0112,0.9734,0.0073
HMA-KLS0631-2117697,0.0189,0.0164,0.9487,0.016
HMA-KLS0633-2117719,0.0079,0.0096,0.9727,0.0098
HMA-KLS0647-2117698,0.0156,0.0126,0.9588,0.013
HMA-KLS0652-2117715,0.0188,0.0162,0.9572,0.0078
HMA-KLS0662-2117700,0.0213,0.0167,0.9561,0.0059
HMA-KLS0676-2117735,0.0194,0.0153,0.9402,0.0251
HMA-KLS0762-2117712,0.0201,0.0176,0.9486,0.0137
HMA-KLS1016-2117701,0.0205,0.0182,0.9424,0.0189
HMA-KLS1017-2117720,0.0099,0.0117,0.9713,0.0071
HMA-KLS1020-2117696,0.0185,0.0148,0.9544,0.0123
HMA-KLS1379-3593334,0.0062,0.0078,0.6963,0.2897
HMA-KLS1416-3593319,0.0089,0.0108,0.9588,0.0215
HMA-KLS1421-3593374,0.0202,0.0169,0.9584,0.0045
HMA-VU46-2117754,0.0334,0.0285,0.8303,0.1078
HMA-KLS0798-2117733,0.01,0.0116,0.9696,0.0088
HMA-KLS0799-2117731,0.0121,0.0166,0.9621,0.0092
HMA-KLS0801-2117727,0.0236,0.0201,0.9506,0.0057
HMA-KLS0808-2117740,0.0086,0.0097,0.9744,0.0073
HMA-KLS0813-2117730,0.0242,0.0193,0.9468,0.0097
HMA-KLS0898-2117745,0.0154,0.0217,0.892,0.0709
HMA-KLS0913-2117749,0.017,0.0153,0.9593,0.0084
HMA-KLS0933-2117744,0.011,0.0118,0.9525,0.0247
HMA-Dm001-3991498,0.0144,0.0124,0.6797,0.2935
HMA-Dm004-3991499,0.0135,0.0106,0.9607,0.0152
HMA-Dm005-3991500,0.0113,0.0084,0.9411,0.0392
HMA-Dm007-3991501,0.0186,0.0149,0.7901,0.1764
HMA-Dm008-3991502,0.0239,0.0182,0.9051,0.0528
HMA-Dm010-3991503,0.0176,0.0136,0.905,0.0638
HMA-Dm011-3991504,0.0231,0.0182,0.8857,0.073
HMA-Dm014-3991505,0.0145,0.0108,0.8165,0.1582
HMA-Dm015-3991506,0.0134,0.0197,0.8947,0.0722
HMA-Dm018-3991507,0.0201,0.0161,0.9501,0.0137
HMA-Dm028-3991509,0.1238,0.085,0.771,0.0202
HMA-Dm029-4019824,0.0207,0.0159,0.9226,0.0408
HMA-Dm032-4019825,0.1285,0.0956,0.7421,0.0338
HMA-Dm045_was_He078-4019826,0.0118,0.0178,0.887,0.0834
HMA-J84471-2117859,0.0495,0.0404,0.893,0.0171
HMA-MAGNT-R36643-2117742,0.0154,0.0119,0.9074,0.0653
HMA-R29873-2117819,0.1049,0.0703,0.806,0.0188
HMA-R29875-2117836,0.0285,0.0222,0.9234,0.0259
HMA-R36496-2117767,0.0295,0.023,0.8852,0.0623
HMA-R36640-2117798,0.0141,0.0114,0.9633,0.0112
HMA-R36656-2117844,0.0077,0.0066,0.7961,0.1896
HMA-R36660-2117840,0.0136,0.0115,0.9536,0.0213
HMA-R36982-2117760,0.0306,0.0237,0.914,0.0317
HMA-R37004-2117761,0.0242,0.0195,0.9124,0.0439
HMA-R37005-2117762,0.0227,0.0171,0.8662,0.094
HMA-R37023-2117763,0.0126,0.0104,0.9032,0.0738
HMA-R37031-2117764,0.0145,0.0126,0.937,0.0359
HMA-R37037-2117765,0.016,0.0109,0.8329,0.1402
HMA-R37138-2117766,0.0137,0.0109,0.8708,0.1046
HMA-NC_166-2117725,0.0005,0.0005,0.0487,0.9503
HMA-NC_167-2117726,0.001,0.001,0.0479,0.9501
HMA-NC_169-2117729,0.0004,0.0003,0.0161,0.9832
HMA-NC_173-2117703,0.001,0.001,0.0466,0.9514
HMA-NC_174-2117743,0.0011,0.0011,0.0207,0.9771
HMA-NC_176-2117714,0.0002,0.0001,0.0312,0.9685
HMA-NC_179-2117695,0.0014,0.0012,0.0432,0.9542
HMA-NC_180-2117713,0.0006,0.0005,0.1153,0.8836
HMA-NC_181-2117711,0.0007,0.0007,0.0081,0.9905
HMA-NC_189-2117710,0.0002,0.0005,0.0778,0.9215
HMA-KLS1514-3593378,0.0253,0.0229,0.9408,0.011
HMA-KLS1522-3593369,0.0092,0.0074,0.9759,0.0075
HMA-KLS1538-3593349,0.021,0.0235,0.9473,0.0082
HMA-KLS1553-3593325,0.0148,0.0139,0.966,0.0053
HMA-KLS1554-3593316,0.0248,0.0227,0.9418,0.0107
HMA-SS170809_02-2117728,0.0136,0.0149,0.9633,0.0082
HMA-SS170812_01-2117751,0.0194,0.0157,0.9539,0.011
HMA-SS170814_02-2117746,0.0276,0.0215,0.9091,0.0418
HMA-SS170818_01-2117748,0.0381,0.031,0.9148,0.0161
HMA-SS170820_01-2117747,0.0161,0.0186,0.9407,0.0246
HMA-SS171024_01-2117723,0.0134,0.0108,0.9491,0.0267
HMA-VU55-2117702,0.0105,0.0087,0.9517,0.0291
HMA-VU61-2117705,0.0098,0.0089,0.963,0.0183
HMA-KLS1692-4013432,0.0092,0.014,0.9697,0.0071
HMA-KLS1694-4013434,0.0085,0.0135,0.9743,0.0037
HMA-KLS1697-4013437,0.0056,0.0091,0.9781,0.0072
HMA-KLS1699-4013439,0.0036,0.0044,0.9824,0.0096
HMA-KLS1703-4013443,0.0122,0.0203,0.9612,0.0063
HMA-KLS1705-4013445,0.0168,0.0216,0.9527,0.0089
HMA-R154981-2117752,0.0021,0.0062,0.9856,0.0061
HMA-WAM-R154978-2562207,0.0166,0.0188,0.9577,0.0069
HMA-WAM-R154980-2562264,0.0231,0.027,0.9348,0.0151
HMA-WAM-R154981-2562169,0.002,0.0063,0.986,0.0057
HMA-WAMR154978-2117736,0.0746,0.0624,0.8541,0.0089
HMA-KLS1711-4013451,0.012,0.0176,0.9646,0.0058
HMA-J87200-2117846,0.0096,0.0078,0.6544,0.3282
HMA-J87202-2117845,0.0037,0.0031,0.6284,0.3648
HMA-J88474-2117828,0.0084,0.0063,0.5559,0.4294
HMA-J89073-2117861,0.0614,0.0408,0.6155,0.2823
