,0,1,2,3,4
HST-As008-3991483,0.059,0.1281,0.0965,0.0013,0.7151
HST-KLS0362-2562256,0.0337,0.0571,0.0539,0.006,0.8493
HST-KLS1662-4013403,0.0097,0.0122,0.0135,0.0066,0.958
HST-KLS1665-4013406,0.0075,0.0095,0.009,0.0011,0.9729
HST-KLS1666-4013407,0.0091,0.0114,0.0125,0.0113,0.9557
HST-KLS1667-4013408,0.0101,0.0121,0.0114,0.0112,0.9552
HST-KLS1668-4013409,0.0102,0.0104,0.0099,0.002,0.9675
HST-KLS1669-4013410,0.0127,0.0109,0.0102,0.001,0.9652
HST-KLS1670-4013411,0.0068,0.0061,0.0062,0.0011,0.9798
HST-KLS1671-4013412,0.0055,0.006,0.006,0.0021,0.9804
HST-KLS1673-4013414,0.0128,0.0104,0.0111,0.0111,0.9546
HST-KLS1674-4013415,0.0098,0.0108,0.0109,0.0021,0.9664
HST-KLS1675-4013416,0.0072,0.0089,0.0088,0.0011,0.974
HST-KLS1676-4013417,0.007,0.0088,0.0092,0.0026,0.9724
HST-KLS1678-4013419,0.0073,0.0096,0.0092,0.0041,0.9698
HST-KLS1680-4013421,0.0107,0.01,0.0098,0.0014,0.9681
HST-KLS1681-4013422,0.0082,0.0073,0.0073,0.0043,0.9729
HST-KLS1683-4013424,0.0066,0.0082,0.008,0.0035,0.9737
HST-KLS1684-4013425,0.0079,0.0088,0.0093,0.001,0.973
HST-KLS1685-4013426,0.0076,0.0097,0.0089,0.002,0.9718
HST-KLS1686-4013427,0.0077,0.0075,0.0073,0.0056,0.9719
HST-KLS1688-4013428,0.0119,0.0164,0.0169,0.0068,0.948
HST-KLS1689-4013429,0.0105,0.0101,0.0095,0.0014,0.9685
HST-KLS1691-4013431,0.005,0.0054,0.0055,0.0015,0.9826
HST-KLS0490-2892498,0.0071,0.0091,0.0089,0.009,0.9659
HST-KLS0527-2892409,0.0081,0.0116,0.0119,0.0019,0.9665
HST-KLS0528-2892531,0.0094,0.0115,0.011,0.0024,0.9657
HST-KLS0566-2892525,0.0079,0.0101,0.0105,0.001,0.9705
HST-KLS0573-2892480,0.0057,0.008,0.008,0.0029,0.9754
HST-KLS0604-2892450,0.0109,0.0127,0.013,0.0016,0.9618
HST-KLS0635-2562180,0.0086,0.0111,0.0122,0.0092,0.9589
HST-KLS0636-2562216,0.0128,0.0145,0.0148,0.0077,0.9502
HST-KLS0675-2892455,0.0078,0.0098,0.0104,0.0033,0.9687
HST-KLS0677-2892491,0.0065,0.0068,0.0072,0.0016,0.9779
HST-KLS0678-2892468,0.0081,0.0079,0.0082,0.002,0.9738
HST-KLS0679-2892438,0.0115,0.0133,0.0128,0.0105,0.9519
HST-KLS0680-2892474,0.0106,0.0091,0.0086,0.0166,0.9551
HST-KLS0681-2892443,0.0083,0.0097,0.0095,0.0012,0.9713
HST-KLS0682-2892504,0.0072,0.0098,0.0094,0.0035,0.9701
HST-KLS0686-2892505,0.0074,0.0092,0.0097,0.0018,0.9719
HST-KLS0687-2892451,0.0086,0.0069,0.0068,0.0018,0.9759
HST-KLS1157-3593388,0.0113,0.0137,0.0137,0.0014,0.9599
HST-KLS1158-3593383,0.0099,0.0122,0.012,0.0027,0.9632
HST-KLS1159-3593340,0.0089,0.0107,0.01,0.001,0.9694
HST-KLS1367-3593339,0.0103,0.0138,0.0133,0.0012,0.9614
HST-KLS1369-3593347,0.0079,0.0088,0.0088,0.0025,0.972
HST-KLS1370-3593333,0.0053,0.005,0.0052,0.0018,0.9827
HST-KLS1371-3593312,0.0083,0.0094,0.0104,0.0025,0.9694
HST-KLS1372-3593318,0.0098,0.0096,0.0092,0.0101,0.9613
HST-KLS1380-3593381,0.0036,0.0025,0.0025,0.0866,0.9048
HST-KLS1384-3593379,0.0077,0.0096,0.0098,0.0262,0.9467
HST-KLS1385-3593310,0.0073,0.0108,0.0106,0.0466,0.9247
HST-KLS1412-3593322,0.0108,0.013,0.0137,0.0084,0.9541
HST-KLS1414-3593346,0.0098,0.0128,0.0134,0.0099,0.9541
HST-KLS1417-3593370,0.0122,0.0128,0.013,0.0222,0.9398
HST-KLS1418-3593309,0.0081,0.0098,0.0101,0.0022,0.9698
HST-KLS1419-3593306,0.0119,0.0111,0.0114,0.0027,0.9629
HST-KLS1420-3593353,0.0095,0.0112,0.0117,0.0074,0.9602
HST-KLS1422-3593399,0.0095,0.0098,0.0107,0.003,0.967
HST-KLS1424-3593329,0.0045,0.0064,0.0057,0.0009,0.9825
HST-KLS1429-3593311,0.0085,0.0106,0.0096,0.0017,0.9696
HST-VU38-2892414,0.007,0.0097,0.0091,0.0052,0.969
HST-KLS0794-2562199,0.0076,0.0113,0.0105,0.0016,0.969
HST-KLS0795-2892379,0.0087,0.0124,0.0111,0.003,0.9648
HST-KLS0804-2892392,0.0062,0.0077,0.0074,0.0013,0.9774
HST-KLS0843-2892452,0.0089,0.0115,0.0111,0.0027,0.9658
HST-KLS0847-2892542,0.0296,0.0395,0.0414,0.001,0.8885
HST-KLS0858-2892456,0.0089,0.0092,0.0098,0.001,0.9711
HST-KLS0883-2892509,0.0116,0.0146,0.0145,0.0075,0.9518
HST-KLS0923-2892400,0.0052,0.0064,0.0069,0.0009,0.9806
HST-KLS0938-2892388,0.0052,0.0067,0.0061,0.0017,0.9803
HST-KLS0983-2892406,0.0064,0.0086,0.0079,0.0012,0.9759
HST-KLS0986-2892407,0.0094,0.0084,0.0085,0.001,0.9727
HST-KLS1273-2892431,0.007,0.0074,0.0074,0.0021,0.9761
HST-KLS1274-2892410,0.0083,0.011,0.0105,0.001,0.9692
HST-As004-3991479,0.0054,0.0068,0.0063,0.5697,0.4118
HST-As005-3991480,0.0037,0.0039,0.0041,0.5248,0.4635
HST-As006-3991481,0.0064,0.008,0.0089,0.5348,0.4419
HST-As007-3991482,0.0119,0.0178,0.017,0.5402,0.4131
HST-As009-3991484,0.0047,0.0052,0.005,0.5442,0.4409
HST-As011-3991486,0.0061,0.0071,0.0069,0.5363,0.4436
HST-MW04488-2562113,0.0058,0.0072,0.007,0.5206,0.4594
HST-VU127-2562116,0.0095,0.0055,0.006,0.0501,0.9288
HST-VU135-2892457,0.0191,0.0136,0.0142,0.0244,0.9287
HST-VU141-2562238,0.0104,0.0071,0.0075,0.0628,0.9122
HST-VU143-2892418,0.0082,0.0055,0.0052,0.0652,0.9159
HST-VU116-2892391,0.0046,0.006,0.0061,0.1942,0.7891
HST-J82337-2562260,0.0034,0.0038,0.0041,0.4667,0.522
HST-KLS0559-2892377,0.0059,0.0061,0.0059,0.001,0.9811
HST-KLS1173-2892444,0.0078,0.0087,0.0093,0.0021,0.9721
HST-KLS1182-2892449,0.0086,0.0117,0.011,0.0011,0.9676
HST-KLS1200-2892434,0.0053,0.0067,0.0069,0.001,0.9801
HST-KLS1206-3593330,0.0043,0.0063,0.0063,0.0015,0.9816
HST-KLS1227-2892412,0.0091,0.0117,0.0106,0.0043,0.9643
HST-KLS1515-3593385,0.0057,0.0069,0.0071,0.001,0.9793
HST-KLS1517-3593355,0.0097,0.0087,0.0092,0.0014,0.971
HST-KLS1528-3593321,0.01,0.0089,0.009,0.0019,0.9702
HST-KLS1541-3593313,0.0077,0.0088,0.0091,0.0019,0.9725
HST-KLS1544-3593344,0.0057,0.0062,0.0059,0.0045,0.9777
HST-KLS1556-3593324,0.0042,0.0051,0.0048,0.0031,0.9828
HST-SS170814-01-2562208,0.0143,0.0199,0.0197,0.0011,0.945
HST-SS170820-02-2892469,0.0081,0.0079,0.0078,0.001,0.9752
