,0,1,2,3,4
ALA-KLS1661-4013402,0.0114,0.0117,0.0106,0.9554,0.0109
ALA-KLS1663-4013404,0.012,0.0124,0.0135,0.9505,0.0116
ALA-KLS1664-4013405,0.0103,0.0115,0.0114,0.9546,0.0122
ALA-KLS1682-4013423,0.0116,0.0119,0.0124,0.9519,0.0122
ALA-KLS1690-4013430,0.0127,0.0124,0.0115,0.9516,0.0118
ALA-KLS1140-2892558,0.0092,0.009,0.0104,0.962,0.0094
ALA-KLS1161-2892441,0.0107,0.0099,0.0119,0.9566,0.0109
ALA-KLS1162-2892512,0.0109,0.01,0.0115,0.9565,0.0111
ALA-KLS1163-2892427,0.011,0.0108,0.0112,0.9574,0.0096
ALA-KLS1165-2892485,0.0101,0.0095,0.0092,0.9611,0.0101
ALA-KLS1166-2892541,0.0107,0.012,0.01,0.956,0.0113
ALA-KLS1167-2892484,0.0125,0.0125,0.0142,0.9479,0.0129
ALA-KLS1168-2892413,0.0098,0.0077,0.0094,0.9629,0.0102
ALA-KLS1169-2892448,0.0115,0.0111,0.0113,0.9542,0.0119
ALA-KLS1170-2892511,0.012,0.0099,0.0109,0.9557,0.0115
ALA-KLS1366-3593364,0.0108,0.0107,0.0103,0.9566,0.0116
ALA-KLS1373-3593328,0.0119,0.0109,0.012,0.951,0.0142
ALA-KLS1387-3593387,0.0118,0.0114,0.0119,0.9505,0.0144
ALA-KLS1413-3593365,0.0103,0.0086,0.01,0.9597,0.0114
ALA-KLS1415-3593359,0.0109,0.0107,0.0113,0.9547,0.0124
ALA-VU15-2892510,0.0105,0.0093,0.01,0.9607,0.0095
ALA-VU20-2892394,0.0105,0.0102,0.011,0.9583,0.01
ALA-VU21-2892380,0.012,0.0115,0.0105,0.9538,0.0122
ALA-VU33-2892383,0.011,0.0114,0.0115,0.9517,0.0144
ALA-VU37-2892482,0.011,0.0117,0.0117,0.9539,0.0117
ALA-VU47-2892477,0.0092,0.0104,0.0104,0.9596,0.0104
ALA-VU50-2892527,0.0133,0.012,0.0109,0.9505,0.0133
ALA-KLS0793-2892513,0.0088,0.0082,0.009,0.9649,0.0091
ALA-KLS0796-2892514,0.0104,0.0106,0.0113,0.9579,0.0098
ALA-KLS0797-2892471,0.0093,0.0112,0.0104,0.9581,0.011
ALA-KLS0857-2892463,0.01,0.0109,0.0112,0.9566,0.0113
ALA-KLS0871-2892523,0.0123,0.0129,0.0111,0.9493,0.0144
ALA-KLS0872-2892526,0.0087,0.0082,0.0085,0.9655,0.0091
ALA-KLS1444-3593398,0.0132,0.0145,0.0152,0.9431,0.014
ALA-KLS1448-3593341,0.0112,0.0111,0.0121,0.9559,0.0097
ALA-KLS1452-3593342,0.0093,0.0091,0.0089,0.9634,0.0093
ALA-KLS1467-3593390,0.0109,0.0105,0.0115,0.956,0.0111
ALA-KLS1474-3593384,0.0098,0.0104,0.0098,0.9598,0.0102
ALA-KLS1479-3593389,0.0101,0.009,0.0097,0.9608,0.0104
ALA-KLS1492-3593391,0.0108,0.0109,0.0106,0.9571,0.0106
APO-KLS1002-2562146,0.0104,0.0107,0.0102,0.9573,0.0114
ALA-KLS0564-R174540-2892378,0.0093,0.0097,0.0109,0.9598,0.0103
ALA-KLS1526-3593366,0.012,0.0119,0.0121,0.9522,0.0118
ALA-KLS1548-3593373,0.013,0.0118,0.0131,0.9483,0.0138
ALA-KLS1549-3593354,0.0116,0.0101,0.0125,0.9548,0.011
ALA-KLS1555-3593323,0.0088,0.0092,0.0095,0.9624,0.0101
ALA-SS170808-01-2562218,0.0092,0.0099,0.0103,0.9588,0.0118
ALA-SS170808-06-2892529,0.0121,0.0111,0.0108,0.9545,0.0115
ALA-SS170809-01-2892375,0.0107,0.0093,0.0097,0.9595,0.0108
ALA-SS170809-03-2892475,0.0113,0.0094,0.0108,0.9565,0.012
ALA-SS170810-01-2892386,0.009,0.0094,0.0101,0.9623,0.0092
ALA-SS170813-01-2892422,0.0089,0.0097,0.0094,0.9611,0.0109
ALA-SS170815-01-2892435,0.0089,0.0099,0.01,0.9614,0.0098
ALA-SS170815-03-2892473,0.0124,0.0104,0.0119,0.9545,0.0108
ALA-SS170815-04-2892440,0.0115,0.0113,0.0116,0.9546,0.011
ALA-SS170816-01-2892493,0.0099,0.0107,0.0106,0.9585,0.0103
ALA-SS170820-05-2892447,0.0109,0.0104,0.0099,0.9587,0.0101
ALA-SS170822-01-2892494,0.0116,0.0118,0.0126,0.9521,0.0119
ALA-SS170822-02-2892495,0.0191,0.0169,0.0226,0.9215,0.0199
ALA-SS170822-03-2892528,0.0129,0.0104,0.0133,0.9508,0.0126
ALA-SS171011-02-2892425,0.0111,0.0108,0.0124,0.9546,0.0111
ALA-SS171011-03-2892496,0.0093,0.0094,0.0091,0.9631,0.0091
ALA-SS171018-02-2892517,0.0095,0.0111,0.01,0.9593,0.0101
ALA-SS171025-01-2892506,0.011,0.0108,0.0116,0.9561,0.0105
ALA-SS171104-01-2892432,0.0099,0.0107,0.0096,0.9584,0.0114
ALA-SS171105-01-2892472,0.0103,0.0102,0.0105,0.9583,0.0107
ALA-SS171106-02-2892479,0.0111,0.0113,0.0097,0.957,0.0109
ALA-SS171106-03-2892404,0.008,0.0074,0.0084,0.969,0.0072
ALA-VU51-2892500,0.0081,0.0086,0.009,0.9648,0.0095
ALA-VU53-2892376,0.0097,0.0085,0.0087,0.9636,0.0095
ALA-VU62-2892417,0.0119,0.0099,0.0114,0.9554,0.0114
APO-BD304-2892487,0.0119,0.0092,0.0131,0.9532,0.0126
APO-BD320-2892516,0.0105,0.0091,0.009,0.962,0.0094
APO-BD325-2892538,0.009,0.0094,0.0096,0.9626,0.0094
APO-BD326-2892550,0.0097,0.0103,0.0109,0.9587,0.0104
APO-BD330-2892535,0.0098,0.0084,0.0089,0.9641,0.0088
APO-BD331-2892519,0.0095,0.0097,0.0082,0.9634,0.0092
APO-BD337-2892483,0.009,0.0096,0.0089,0.9629,0.0096
APO-BD338-2892540,0.0095,0.0101,0.0096,0.9614,0.0094
APO-BD339-2892520,0.0094,0.0087,0.0096,0.9627,0.0096
APO-BD342-2892423,0.0104,0.0101,0.0113,0.9577,0.0105
